-1.757812498226485332e-05 2.278521881103515625e+02 1.389493255615234375e+02 3.231012344360351562e+01 3.560853881835937500e+02 2.399999877929687671e+02
4.500029882812503956e+01 1.658343048095703125e+02 1.726072082519531250e+02 3.164010047912597656e+01 3.106370849609375000e+02 2.400000244140625227e+02
9.000022851562499682e+01 1.473047485351562500e+02 2.401251525878906250e+02 3.087543106079101562e+01 2.642546691894531250e+02 2.400000122070312614e+02
1.350001054687500073e+02 1.809879760742187500e+02 3.016082458496093750e+02 3.114250373840332031e+01 2.173105316162109375e+02 2.400000000000000000e+02
1.800002812500000005e+02 2.482876129150390625e+02 3.212015686035156250e+02 3.194908142089843750e+01 1.714115447998046875e+02 2.400000122070312614e+02
2.249998066406249677e+02 3.096898193359375000e+02 2.871013183593750000e+02 3.273285293579101562e+01 1.268444671630859375e+02 2.400000000000000000e+02
2.700002812500000005e+02 3.292652893066406250e+02 2.198805694580078125e+02 3.322327804565429688e+01 8.350008392333984375e+01 2.399999877929687671e+02
3.149994726562500205e+02 2.948356933593750000e+02 1.586801910400390625e+02 3.287855529785156250e+01 4.013715744018554688e+01 2.400000000000000000e+02
1.757812499931787897e-04 2.278677978515625000e+02 1.389155120849609375e+02 3.231957244873046875e+01 3.560964660644531250e+02 2.400000244140625227e+02
4.499964843750001364e+01 1.658134613037109375e+02 1.726292114257812500e+02 3.164056015014648438e+01 3.106178283691406250e+02 2.400000122070312614e+02
9.000024609374997908e+01 1.473020782470703125e+02 2.401278228759765625e+02 3.087630271911621094e+01 2.642531127929687500e+02 2.400000000000000000e+02
1.349998066406250246e+02 1.809921264648437500e+02 3.016189880371093750e+02 3.114429283142089844e+01 2.173041839599609375e+02 2.400000244140625227e+02
1.800001757812499932e+02 2.482756500244140625e+02 3.211995544433593750e+02 3.194796752929687500e+01 1.714187927246093750e+02 2.399999877929687671e+02
2.249992441406249668e+02 3.096820983886718750e+02 2.870951232910156250e+02 3.273001098632812500e+01 1.268442382812500000e+02 2.399999877929687671e+02
2.699996308593750314e+02 3.292763366699218750e+02 2.198901519775390625e+02 3.322607803344726562e+01 8.350656890869140625e+01 2.399999755859375057e+02
3.149991914062499632e+02 2.948452148437500000e+02 1.586702423095703125e+02 3.288248825073242188e+01 4.013772201538085938e+01 2.400000122070312614e+02
5.273437500363797881e-05 2.271609802246093750e+02 1.866466217041015625e+02 1.704497337341308594e+01 3.509399108886718750e+02 2.549999633789062727e+02
4.500003515625002137e+01 1.997866973876953125e+02 2.070524902343750000e+02 1.601374053955078125e+01 3.049934692382812500e+02 2.550000244140625227e+02
9.000052734374997954e+01 1.948261871337890625e+02 2.409290161132812500e+02 1.552076148986816406e+01 2.562254943847656250e+02 2.550000000000000000e+02
1.349994902343750027e+02 2.152763214111328125e+02 2.682248535156250000e+02 1.587447643280029297e+01 2.073914794921875000e+02 2.550000122070312614e+02
1.799997363281249818e+02 2.489469299316406250e+02 2.732762756347656250e+02 1.689262771606445312e+01 1.611116638183593750e+02 2.549999877929687671e+02
2.249996835937499782e+02 2.764107666015625000e+02 2.528501892089843750e+02 1.784574317932128906e+01 1.175575485229492188e+02 2.549999755859375057e+02
2.699996484375000136e+02 2.816976623535156250e+02 2.186685333251953125e+02 1.840549850463867188e+01 7.552459716796875000e+01 2.550000000000000000e+02
3.150000175781250391e+02 2.608783264160156250e+02 1.915678253173828125e+02 1.794299507141113281e+01 3.413135147094726562e+01 2.550000000000000000e+02
4.042968750468389771e-04 2.271664276123046875e+02 1.866397705078125000e+02 1.704703712463378906e+01 3.509481506347656250e+02 2.549999633789062727e+02
4.499952539062502410e+01 1.997756347656250000e+02 2.070596008300781250e+02 1.601550865173339844e+01 3.049769287109375000e+02 2.550000122070312614e+02
8.999980664062502456e+01 1.948230743408203125e+02 2.409320831298828125e+02 1.552209377288818359e+01 2.562223510742187500e+02 2.550000366210937557e+02
1.349999472656249964e+02 2.152801513671875000e+02 2.682275695800781250e+02 1.587471103668212891e+01 2.073851013183593750e+02 2.549999877929687671e+02
1.799997890624999854e+02 2.489463806152343750e+02 2.732773132324218750e+02 1.689290809631347656e+01 1.611127624511718750e+02 2.550000000000000000e+02
2.250005097656249973e+02 2.764073181152343750e+02 2.528428649902343750e+02 1.784350967407226562e+01 1.175515823364257812e+02 2.550000000000000000e+02
2.699999648437500355e+02 2.817024841308593750e+02 2.186740722656250000e+02 1.840662384033203125e+01 7.553229522705078125e+01 2.550000000000000000e+02
3.149998945312499927e+02 2.608770446777343750e+02 1.915665588378906250e+02 1.794311714172363281e+01 3.412922286987304688e+01 2.550000000000000000e+02
3.515624996452970663e-05 2.256976013183593750e+02 2.289406585693359375e+02 3.464737415313720703e+00 2.842872924804687500e+02 2.699999877929687386e+02
4.499994726562499636e+01 2.286644592285156250e+02 2.380411682128906250e+02 3.479969024658203125e+00 2.195672149658203125e+02 2.700000000000000000e+02
8.999973632812498181e+01 2.371248779296875000e+02 2.422943420410156250e+02 4.536449432373046875e+00 1.662519836425781250e+02 2.700000000000000000e+02
1.350001933593749754e+02 2.461169891357421875e+02 2.394163513183593750e+02 5.701543807983398438e+00 1.254140777587890625e+02 2.700000000000000000e+02
1.800003339843749472e+02 2.502976226806640625e+02 2.309141387939453125e+02 6.317849636077880859e+00 8.951399993896484375e+01 2.699999877929687386e+02
2.249992441406249100e+02 2.474423980712890625e+02 2.219557952880859375e+02 6.330069065093994141e+00 5.528536987304687500e+01 2.700000122070312614e+02
2.700000703124999291e+02 2.390724792480468750e+02 2.175513610839843750e+02 5.688041687011718750e+00 1.948737907409667969e+01 2.700000000000000000e+02
3.149998417968749891e+02 2.301181030273437500e+02 2.204932861328125000e+02 4.504056930541992188e+00 3.384228210449218750e+02 2.700000244140625227e+02
-8.789062496816768544e-05 2.256967773437500000e+02 2.289349975585937500e+02 3.465648889541625977e+00 2.843212280273437500e+02 2.699999877929687386e+02
4.500003515625002137e+01 2.286599121093750000e+02 2.380329132080078125e+02 3.478512048721313477e+00 2.196231994628906250e+02 2.700000000000000000e+02
9.000028125000000045e+01 2.371223754882812500e+02 2.422951202392578125e+02 4.536511898040771484e+00 1.662649841308593750e+02 2.700000000000000000e+02
1.350001933593749754e+02 2.461182250976562500e+02 2.394175415039062500e+02 5.702220916748046875e+00 1.254151229858398438e+02 2.700000000000000000e+02
1.800001054687500073e+02 2.502997436523437500e+02 2.309171600341796875e+02 6.318672180175781250e+00 8.952494049072265625e+01 2.700000000000000000e+02
2.250003691406250255e+02 2.474463043212890625e+02 2.219566192626953125e+02 6.331147670745849609e+00 5.529581451416015625e+01 2.699999877929687386e+02
2.699999121093750318e+02 2.390665130615234375e+02 2.175579223632812500e+02 5.684781551361083984e+00 1.947350692749023438e+01 2.699999877929687386e+02
3.150000527343750036e+02 2.301184387207031250e+02 2.204920196533203125e+02 4.504487514495849609e+00 3.384267272949218750e+02 2.699999877929687386e+02
1.406250000286490831e-04 2.234923706054687500e+02 2.712690429687500000e+02 1.582915210723876953e+01 1.953248596191406250e+02 2.849999877929687386e+02
4.499984179687498909e+01 2.570289001464843750e+02 2.692963256835937500e+02 1.682012748718261719e+01 1.495041503906250000e+02 2.850000122070312614e+02
9.000012304687498954e+01 2.793825683593750000e+02 2.442512359619140625e+02 1.769466972351074219e+01 1.064976119995117188e+02 2.850000000000000000e+02
1.349998945312499927e+02 2.773750915527343750e+02 2.109495544433593750e+02 1.790657043457031250e+01 6.514689636230468750e+01 2.850000000000000000e+02
1.799999824218750177e+02 2.522743377685546875e+02 1.887575836181640625e+02 1.737669563293457031e+01 2.322074890136718750e+01 2.850000000000000000e+02
2.249998417968750459e+02 2.191046142578125000e+02 1.905733795166015625e+02 1.643706703186035156e+01 3.395215148925781250e+02 2.849999877929687386e+02
2.699998769531250105e+02 1.968632507324218750e+02 2.155287017822265625e+02 1.547696781158447266e+01 2.927311401367187500e+02 2.849999877929687386e+02
3.149999121093749750e+02 1.987869720458984375e+02 2.489825592041015625e+02 1.519236278533935547e+01 2.434996490478515625e+02 2.849999877929687386e+02
3.515625002137312549e-05 2.234914550781250000e+02 2.712701110839843750e+02 1.582960033416748047e+01 1.953256835937500000e+02 2.850000122070312614e+02
4.499964843750001364e+01 2.570228881835937500e+02 2.692945251464843750e+02 1.681851005554199219e+01 1.495096282958984375e+02 2.850000000000000000e+02
9.000036914062502547e+01 2.793861694335937500e+02 2.442527008056640625e+02 1.769601631164550781e+01 1.064981002807617188e+02 2.850000244140625227e+02
1.349998945312499927e+02 2.773837585449218750e+02 2.109454498291015625e+02 1.790990447998046875e+01 6.514685058593750000e+01 2.849999877929687386e+02
1.800002109375000146e+02 2.522756042480468750e+02 1.887506866455078125e+02 1.737908363342285156e+01 2.321884918212890625e+01 2.849999877929687386e+02
2.249992968750000273e+02 2.191039886474609375e+02 1.905740356445312500e+02 1.643692779541015625e+01 3.395204162597656250e+02 2.850000122070312614e+02
2.699997890624999854e+02 1.968683166503906250e+02 2.155298004150390625e+02 1.547515678405761719e+01 2.927324523925781250e+02 2.849999877929687386e+02
3.149999824218749609e+02 1.987885284423828125e+02 2.489832611083984375e+02 1.519198036193847656e+01 2.434977416992187500e+02 2.850000000000000000e+02
-7.031249999954525265e-03 2.234917297363281250e+02 2.712674865722656250e+02 1.582868099212646484e+01 1.953262634277343750e+02 2.850000000000000000e+02
