1.757812499931787897e-04 2.278894653320312500e+02 1.389237670898437500e+02 3.231674957275390625e+01 3.561094970703125000e+02 2.399999633789062727e+02
4.500000000000000000e+01 1.658361053466796875e+02 1.726188964843750000e+02 3.163747596740722656e+01 3.106321716308593750e+02 2.400000122070312614e+02
8.999977148437500318e+01 1.472998352050781250e+02 2.400965270996093750e+02 3.087601089477539062e+01 2.642736511230468750e+02 2.400000000000000000e+02
1.350005449218749618e+02 1.809867858886718750e+02 3.016010131835937500e+02 3.114100837707519531e+01 2.173139648437500000e+02 2.399999755859375057e+02
1.800003164062500218e+02 2.482628326416015625e+02 3.211978454589843750e+02 3.194690132141113281e+01 1.714265594482421875e+02 2.400000000000000000e+02
2.249992617187499491e+02 3.096818237304687500e+02 2.871076965332031250e+02 3.273210144042968750e+01 1.268504867553710938e+02 2.400000122070312614e+02
2.699997187499999427e+02 3.292865905761718750e+02 2.198776245117187500e+02 3.322938537597656250e+01 8.349983215332031250e+01 2.400000000000000000e+02
3.150000000000000000e+02 2.948491210937500000e+02 1.586660003662109375e+02 3.288414001464843750e+01 4.013789367675781250e+01 2.399999877929687671e+02
4.394531250113686838e-04 2.278835296630859375e+02 1.389227294921875000e+02 3.231716537475585938e+01 3.561058959960937500e+02 2.399999511718750114e+02
4.500005273437500364e+01 1.658443756103515625e+02 1.726115417480468750e+02 3.163703155517578125e+01 3.106391296386718750e+02 2.399999877929687671e+02
8.999938476562499545e+01 1.472966766357421875e+02 2.400981292724609375e+02 3.087698936462402344e+01 2.642728271484375000e+02 2.399999755859375057e+02
1.349998945312499927e+02 1.809843750000000000e+02 3.015920104980468750e+02 3.113931465148925781e+01 2.173187408447265625e+02 2.400000122070312614e+02
1.799996835937499782e+02 2.482617187500000000e+02 3.211955261230468750e+02 3.194618797302246094e+01 1.714270477294921875e+02 2.399999755859375057e+02
2.249998769531249536e+02 3.096812438964843750e+02 2.871105346679687500e+02 3.273245239257812500e+01 1.268520965576171875e+02 2.399999633789062727e+02
2.699999296874999573e+02 3.292879333496093750e+02 2.198859252929687500e+02 3.322949218750000000e+01 8.350486755371093750e+01 2.400000000000000000e+02
3.149998593750000282e+02 2.948418884277343750e+02 1.586588592529296875e+02 3.288438034057617188e+01 4.013174819946289062e+01 2.400000000000000000e+02
-1.757812499931787897e-04 2.278932800292968750e+02 1.389243621826171875e+02 3.231649780273437500e+01 3.561118469238281250e+02 2.399999877929687671e+02
4.500008789062502501e+01 1.658544006347656250e+02 1.726138610839843750e+02 3.163435745239257812e+01 3.106421203613281250e+02 2.400000122070312614e+02
8.999950781249998499e+01 1.473108825683593750e+02 2.400829467773437500e+02 3.087232780456542969e+01 2.642817077636718750e+02 2.399999877929687671e+02
1.350000175781249823e+02 1.809801635742187500e+02 3.015948791503906250e+02 3.114074707031250000e+01 2.173197784423828125e+02 2.400000244140625227e+02
1.799995605468749886e+02 2.482506561279296875e+02 3.211955261230468750e+02 3.194569778442382812e+01 1.714339141845703125e+02 2.399999755859375057e+02
2.249996132812499923e+02 3.096788330078125000e+02 2.871143798828125000e+02 3.273255920410156250e+01 1.268548507690429688e+02 2.399999877929687671e+02
2.700002109374999577e+02 3.292817077636718750e+02 2.199036560058593750e+02 3.322713088989257812e+01 8.351497650146484375e+01 2.399999877929687671e+02
3.149998242187500068e+02 2.948870544433593750e+02 1.586455383300781250e+02 3.289559173583984375e+01 4.014759826660156250e+01 2.399999755859375057e+02
1.582031250109139364e-04 2.271737213134765625e+02 1.866382904052734375e+02 1.704714012145996094e+01 3.509576110839843750e+02 2.550000000000000000e+02
4.499964843750001364e+01 1.997877502441406250e+02 2.070543518066406250e+02 1.601305770874023438e+01 3.049921875000000000e+02 2.550000122070312614e+02
8.999978906249998545e+01 1.948045959472656250e+02 2.409081573486328125e+02 1.552640914916992188e+01 2.562612609863281250e+02 2.549999877929687671e+02
1.350002988281249827e+02 2.152633514404296875e+02 2.682219848632812500e+02 1.587567234039306641e+01 2.074091186523437500e+02 2.549999877929687671e+02
1.799996132812499923e+02 2.489283142089843750e+02 2.732695007324218750e+02 1.688825225830078125e+01 1.611314086914062500e+02 2.549999755859375057e+02
2.249997363281250387e+02 2.763885498046875000e+02 2.528608703613281250e+02 1.784058761596679688e+01 1.175813674926757812e+02 2.550000122070312614e+02
2.700002812500000005e+02 2.816835021972656250e+02 2.186921844482421875e+02 1.839868354797363281e+01 7.554714965820312500e+01 2.549999877929687671e+02
3.150003691406249686e+02 2.608782348632812500e+02 1.915759277343750000e+02 1.794064331054687500e+01 3.413668441772460938e+01 2.550000244140625227e+02
-3.515624996452970663e-05 2.271748504638671875e+02 1.866355590820312500e+02 1.704802131652832031e+01 3.509595642089843750e+02 2.550000488281250171e+02
4.499984179687498909e+01 1.997760162353515625e+02 2.070441894531250000e+02 1.601850509643554688e+01 3.049944458007812500e+02 2.550000122070312614e+02
9.000045703124999363e+01 1.948109130859375000e+02 2.409102325439453125e+02 1.552441215515136719e+01 2.562562866210937500e+02 2.550000122070312614e+02
1.350001054687500073e+02 2.152730255126953125e+02 2.682186279296875000e+02 1.587305164337158203e+01 2.073994140625000000e+02 2.549999877929687671e+02
1.800003164062499650e+02 2.489317321777343750e+02 2.732647705078125000e+02 1.688707733154296875e+01 1.611252746582031250e+02 2.550000122070312614e+02
2.250004570312499368e+02 2.763893432617187500e+02 2.528587646484375000e+02 1.784049606323242188e+01 1.175786590576171875e+02 2.550000244140625227e+02
2.700003515625000432e+02 2.816759948730468750e+02 2.186998291015625000e+02 1.839550018310546875e+01 7.555357360839843750e+01 2.550000122070312614e+02
3.150000175781249823e+02 2.608755493164062500e+02 1.915875244140625000e+02 1.793678092956542969e+01 3.414177703857421875e+01 2.549999755859375057e+02
-1.054687499504325388e-04 2.271748504638671875e+02 1.866396484375000000e+02 1.704660987854003906e+01 3.509587402343750000e+02 2.550000366210937557e+02
4.500008789062502501e+01 1.997779541015625000e+02 2.070441589355468750e+02 1.601795196533203125e+01 3.049959716796875000e+02 2.550000122070312614e+02
8.999959570312501000e+01 1.948216094970703125e+02 2.409036254882812500e+02 1.552016925811767578e+01 2.562616882324218750e+02 2.549999389648437500e+02
1.349992792968750450e+02 2.152616729736328125e+02 2.682248840332031250e+02 1.587685203552246094e+01 2.074093475341796875e+02 2.550000000000000000e+02
1.800000878906249682e+02 2.489333953857421875e+02 2.732636413574218750e+02 1.688689041137695312e+01 1.611227722167968750e+02 2.550000000000000000e+02
2.250004042968749900e+02 2.763904418945312500e+02 2.528575439453125000e+02 1.784064292907714844e+01 1.175767440795898438e+02 2.549999877929687671e+02
2.699994374999999991e+02 2.816750488281250000e+02 2.187014007568359375e+02 1.839504623413085938e+01 7.555506896972656250e+01 2.549999877929687671e+02
3.150000175781250391e+02 2.608726806640625000e+02 1.915863037109375000e+02 1.793657684326171875e+01 3.413809967041015625e+01 2.550000000000000000e+02
0.000000000000000000e+00 2.257032470703125000e+02 2.289340209960937500e+02 3.463130235671997070e+00 2.843374938964843750e+02 2.700000244140625227e+02
4.499920898437500227e+01 2.286541290283203125e+02 2.380430297851562500e+02 3.483305931091308594e+00 2.196106872558593750e+02 2.700000000000000000e+02
8.999996484375003547e+01 2.371254272460937500e+02 2.422960052490234375e+02 4.537162780761718750e+00 1.662513275146484375e+02 2.700000000000000000e+02
1.350006328124999868e+02 2.461118164062500000e+02 2.394165802001953125e+02 5.699907302856445312e+00 1.254266738891601562e+02 2.700000122070312614e+02
1.800001933593749754e+02 2.503146972656250000e+02 2.309113006591796875e+02 6.324610233306884766e+00 8.950460815429687500e+01 2.699999877929687386e+02
2.249999824218749609e+02 2.474510498046875000e+02 2.219444427490234375e+02 6.335441589355468750e+00 5.526982879638671875e+01 2.700000000000000000e+02
2.700002988281249827e+02 2.390605621337890625e+02 2.175694885253906250e+02 5.679635047912597656e+00 1.946625518798828125e+01 2.700000122070312614e+02
3.149996484375000136e+02 2.301072082519531250e+02 2.204960327148437500e+02 4.504662036895751953e+00 3.383670654296875000e+02 2.700000122070312614e+02
-1.230468749895408109e-04 2.257028656005859375e+02 2.289304046630859375e+02 3.463654518127441406e+00 2.843593750000000000e+02 2.700000122070312614e+02
4.500001757812503911e+01 2.286512756347656250e+02 2.380397033691406250e+02 3.482990503311157227e+00 2.196382598876953125e+02 2.700000244140625227e+02
8.999989453124999272e+01 2.371182708740234375e+02 2.422975006103515625e+02 4.537051200866699219e+00 1.662876586914062500e+02 2.700000000000000000e+02
1.349991386718750164e+02 2.461124114990234375e+02 2.394230499267578125e+02 5.701591968536376953e+00 1.254463424682617188e+02 2.700000000000000000e+02
1.799996835937500350e+02 2.503097991943359375e+02 2.309080505371093750e+02 6.322691917419433594e+00 8.949272155761718750e+01 2.700000000000000000e+02
2.249991738281250377e+02 2.474456787109375000e+02 2.219547424316406250e+02 6.331370353698730469e+00 5.528902053833007812e+01 2.699999877929687386e+02
2.700003339843750041e+02 2.390623779296875000e+02 2.175633850097656250e+02 5.682176589965820312e+00 1.946508979797363281e+01 2.699999877929687386e+02
3.149991210937500341e+02 2.301093750000000000e+02 2.204906921386718750e+02 4.506361007690429688e+00 3.383870544433593750e+02 2.699999755859375341e+02
-5.273437500363797881e-05 2.257006988525390625e+02 2.289296875000000000e+02 3.464605331420898438e+00 2.843604431152343750e+02 2.700000000000000000e+02
4.500073828124999409e+01 2.286501159667968750e+02 2.380409851074218750e+02 3.483710527420043945e+00 2.196387786865234375e+02 2.699999877929687386e+02
8.999992968750001410e+01 2.371149597167968750e+02 2.422931213378906250e+02 4.534989833831787109e+00 1.662983856201171875e+02 2.699999877929687386e+02
1.350005625000000009e+02 2.461108093261718750e+02 2.394242248535156250e+02 5.701339244842529297e+00 1.254538345336914062e+02 2.700000000000000000e+02
1.799999121093750318e+02 2.503166503906250000e+02 2.309217224121093750e+02 6.325329780578613281e+00 8.954206848144531250e+01 2.700000122070312614e+02
2.249997539062500209e+02 2.474410858154296875e+02 2.219538726806640625e+02 6.330079555511474609e+00 5.527703094482421875e+01 2.700000000000000000e+02
2.700002812499999436e+02 2.390615539550781250e+02 2.175585174560546875e+02 5.683906078338623047e+00 1.945561027526855469e+01 2.700000000000000000e+02
3.150002285156249400e+02 2.301089782714843750e+02 2.204864959716796875e+02 4.508013248443603516e+00 3.383929748535156250e+02 2.699999877929687386e+02
-5.273437500363797881e-05 2.234613037109375000e+02 2.712649536132812500e+02 1.583062553405761719e+01 1.953676147460937500e+02 2.849999877929687386e+02
4.499987695312501046e+01 2.570024719238281250e+02 2.693199157714843750e+02 1.682251167297363281e+01 1.495489807128906250e+02 2.850000000000000000e+02
8.999989453124999272e+01 2.793880310058593750e+02 2.442750549316406250e+02 1.769882011413574219e+01 1.065236511230468750e+02 2.850000000000000000e+02
1.350006503906249691e+02 2.773852233886718750e+02 2.109568634033203125e+02 1.790868377685546875e+01 6.516005706787109375e+01 2.849999877929687386e+02
1.799997890624999854e+02 2.522838287353515625e+02 1.887513580322265625e+02 1.737998771667480469e+01 2.322861099243164062e+01 2.850000122070312614e+02
2.249994374999999991e+02 2.191189270019531250e+02 1.905668334960937500e+02 1.643745231628417969e+01 3.395422668457031250e+02 2.850000000000000000e+02
2.699998242187499500e+02 1.968687896728515625e+02 2.155077667236328125e+02 1.547800731658935547e+01 2.927614135742187500e+02 2.850000244140625227e+02
3.150004218749999154e+02 1.987717895507812500e+02 2.489694366455078125e+02 1.519509220123291016e+01 2.435263214111328125e+02 2.850000000000000000e+02
-7.031249998590283212e-05 2.234702453613281250e+02 2.712767639160156250e+02 1.583382797241210938e+01 1.953514709472656250e+02 2.849999877929687386e+02
4.499985937499997135e+01 2.569997558593750000e+02 2.693084716796875000e+02 1.681857490539550781e+01 1.495444641113281250e+02 2.849999877929687386e+02
9.000021093749995771e+01 2.793810729980468750e+02 2.442789611816406250e+02 1.769687461853027344e+01 1.065306167602539062e+02 2.849999877929687386e+02
1.349998769531250105e+02 2.773823242187500000e+02 2.109580230712890625e+02 1.790759849548339844e+01 6.515984344482421875e+01 2.850000000000000000e+02
1.799997187499999427e+02 2.522875976562500000e+02 1.887508697509765625e+02 1.738065528869628906e+01 2.323269653320312500e+01 2.849999877929687386e+02
2.250002285156249400e+02 2.191325683593750000e+02 1.905618743896484375e+02 1.643739700317382812e+01 3.395614318847656250e+02 2.850000000000000000e+02
2.700001230468749327e+02 1.968693542480468750e+02 2.155080566406250000e+02 1.547778034210205078e+01 2.927613525390625000e+02 2.849999877929687386e+02
3.150005273437499227e+02 1.987607727050781250e+02 2.489593353271484375e+02 1.519698333740234375e+01 2.435464324951171875e+02 2.850000000000000000e+02
-1.406249999718056642e-04 2.234645233154296875e+02 2.712633666992187500e+02 1.582978725433349609e+01 1.953638916015625000e+02 2.850000000000000000e+02
4.499992968750001410e+01 2.570042724609375000e+02 2.693175354003906250e+02 1.682211494445800781e+01 1.495454101562500000e+02 2.850000122070312614e+02
9.000014062500002865e+01 2.793846130371093750e+02 2.442686614990234375e+02 1.769705200195312500e+01 1.065173339843750000e+02 2.850000122070312614e+02
1.350001054687500073e+02 2.773857421875000000e+02 2.109537200927734375e+02 1.790930747985839844e+01 6.515689849853515625e+01 2.850000122070312614e+02
1.800002285156249968e+02 2.522872314453125000e+02 1.887446746826171875e+02 1.738259506225585938e+01 2.322926521301269531e+01 2.850000000000000000e+02
2.249998242187500068e+02 2.191105957031250000e+02 1.905679931640625000e+02 1.643809890747070312e+01 3.395314331054687500e+02 2.850000122070312614e+02
2.699996660156249959e+02 1.968681793212890625e+02 2.155139617919921875e+02 1.547736072540283203e+01 2.927530212402343750e+02 2.850000122070312614e+02
3.150002460937500359e+02 1.987718353271484375e+02 2.489729461669921875e+02 1.519563770294189453e+01 2.435217895507812500e+02 2.850000000000000000e+02
-9.667968750022737368e-03 2.234669036865234375e+02 2.712633361816406250e+02 1.582955646514892578e+01 1.953607482910156250e+02 2.850000000000000000e+02
