-1.230468749895408109e-04 2.278554382324218750e+02 1.389873657226562500e+02 3.229907608032226562e+01 3.560857238769531250e+02 2.400000000000000000e+02
4.499989453124999272e+01 1.658434295654296875e+02 1.726390380859375000e+02 3.163200950622558594e+01 3.106254577636718750e+02 2.399999389648437500e+02
8.999973632812498181e+01 1.473486022949218750e+02 2.401190032958984375e+02 3.086227798461914062e+01 2.642557373046875000e+02 2.400000000000000000e+02
1.350003867187500077e+02 1.810018768310546875e+02 3.015729370117187500e+02 3.113169670104980469e+01 2.173171539306640625e+02 2.400000244140625227e+02
1.800001582031249541e+02 2.482842559814453125e+02 3.211741943359375000e+02 3.194105148315429688e+01 1.714109954833984375e+02 2.400000122070312614e+02
2.249999999999999432e+02 3.096658020019531250e+02 2.870816955566406250e+02 3.272395706176757812e+01 1.268435897827148438e+02 2.399999755859375057e+02
2.700001230468749895e+02 3.292526245117187500e+02 2.198838806152343750e+02 3.321958923339843750e+01 8.350116729736328125e+01 2.400000000000000000e+02
3.149994550781249814e+02 2.948143615722656250e+02 1.587028656005859375e+02 3.286966323852539062e+01 4.013603973388671875e+01 2.399999877929687671e+02
1.054687500072759576e-04 2.271695709228515625e+02 1.866520996093750000e+02 1.704260444641113281e+01 3.509496154785156250e+02 2.550000244140625227e+02
4.500012304687498954e+01 1.997979278564453125e+02 2.070583343505859375e+02 1.600930786132812500e+01 3.049956665039062500e+02 2.549999633789062727e+02
9.000005273437500364e+01 1.948412170410156250e+02 2.409305877685546875e+02 1.551572418212890625e+01 2.562182617187500000e+02 2.550000000000000000e+02
1.350004218749999723e+02 2.152777099609375000e+02 2.682085876464843750e+02 1.586914157867431641e+01 2.073999938964843750e+02 2.550000122070312614e+02
1.799999472656249964e+02 2.489437408447265625e+02 2.732850646972656250e+02 1.689517021179199219e+01 1.611192169189453125e+02 2.550000000000000000e+02
2.250000703124999291e+02 2.763899841308593750e+02 2.528472290039062500e+02 1.783885383605957031e+01 1.175659027099609375e+02 2.550000244140625227e+02
2.699998769531249536e+02 2.816958923339843750e+02 2.186760101318359375e+02 1.840424728393554688e+01 7.553252410888671875e+01 2.549999755859375057e+02
3.150001933593749754e+02 2.608739318847656250e+02 1.915734252929687500e+02 1.794053268432617188e+01 3.413071441650390625e+01 2.550000000000000000e+02
7.031249998590283212e-05 2.256831512451171875e+02 2.289300994873046875e+02 3.471664428710937500e+00 2.843302917480468750e+02 2.700000000000000000e+02
4.500029882812498272e+01 2.286698455810546875e+02 2.380412139892578125e+02 3.478557825088500977e+00 2.195404052734375000e+02 2.700000000000000000e+02
8.999977148437500318e+01 2.371266021728515625e+02 2.422910156250000000e+02 4.535301685333251953e+00 1.662396545410156250e+02 2.700000000000000000e+02
1.350002636718750182e+02 2.461149444580078125e+02 2.394230651855468750e+02 5.702421665191650391e+00 1.254405822753906250e+02 2.700000122070312614e+02
1.799999472656249964e+02 2.503056793212890625e+02 2.309191741943359375e+02 6.321008205413818359e+00 8.953243255615234375e+01 2.700000000000000000e+02
2.250001582031250109e+02 2.474480895996093750e+02 2.219578704833984375e+02 6.331442356109619141e+00 5.530315399169921875e+01 2.700000000000000000e+02
2.699998769531249536e+02 2.390806121826171875e+02 2.175579528808593750e+02 5.686625003814697266e+00 1.952664375305175781e+01 2.700000122070312614e+02
3.150003339843749472e+02 2.301124572753906250e+02 2.204930267333984375e+02 4.505009174346923828e+00 3.383970336914062500e+02 2.699999877929687386e+02
-7.031249998590283212e-05 2.234939117431640625e+02 2.712600097656250000e+02 1.582592868804931641e+01 1.953260498046875000e+02 2.850000000000000000e+02
4.500086132812498363e+01 2.570227050781250000e+02 2.692849731445312500e+02 1.681559753417968750e+01 1.495035247802734375e+02 2.850000000000000000e+02
8.999977148437500318e+01 2.793816833496093750e+02 2.442475433349609375e+02 1.769401550292968750e+01 1.064935836791992188e+02 2.849999877929687386e+02
1.349996308593749745e+02 2.773747253417968750e+02 2.109533843994140625e+02 1.790589332580566406e+01 6.515089416503906250e+01 2.850000000000000000e+02
1.799998769531249536e+02 2.522807159423828125e+02 1.887549285888671875e+02 1.737841415405273438e+01 2.322676467895507812e+01 2.850000000000000000e+02
2.249995781249999709e+02 2.191058502197265625e+02 1.905863647460937500e+02 1.643263626098632812e+01 3.395169982910156250e+02 2.850000244140625227e+02
2.699995781249999709e+02 1.968694915771484375e+02 2.155275878906250000e+02 1.547507381439208984e+01 2.927359924316406250e+02 2.850000122070312614e+02
3.150004042968749900e+02 1.988165435791015625e+02 2.489871978759765625e+02 1.518371486663818359e+01 2.434745635986328125e+02 2.849999877929687386e+02
-8.349609374931787897e-03 2.234960784912109375e+02 2.712612609863281250e+02 1.582615566253662109e+01 1.953227233886718750e+02 2.850000000000000000e+02
