1.230468750000011935e-04 2.189121000000000095e+02 2.441349999999999909e+02 nan nan 0.000000000000000000e+00 3.279091000000000236e+02
4.499949023437499562e+01 2.106864999999999952e+02 2.560840000000000032e+02 nan nan 0.000000000000000000e+00 3.316139999999999759e+02
9.000012304687498954e+01 2.132477000000000089e+02 2.700957999999999970e+02 nan nan 1.220703126136868377e-05 3.441313000000000102e+02
1.349992968749999989e+02 2.248686999999999898e+02 2.782703999999999951e+02 nan nan 4.882812498863131623e-05 3.577714000000000283e+02
1.800005097656249973e+02 2.390178999999999974e+02 2.756555999999999926e+02 nan nan 3.662109372726263246e-05 3.648500999999999976e+02
2.249997187499999711e+02 2.472569000000000017e+02 2.638043999999999869e+02 nan nan 1.220703126136868377e-05 3.615643000000000029e+02
2.700002460937499791e+02 2.446928000000000054e+02 2.496374000000000137e+02 nan nan 6.103515625000000000e-05 3.495616999999999734e+02
3.149999999999999432e+02 2.329418000000000006e+02 2.414833000000000141e+02 nan nan 1.220703126136868377e-05 3.355235999999999876e+02
2.812500000000002498e-04 2.186329000000000065e+02 2.691442999999999870e+02 nan nan 4.999877929687386313e-01 3.467549999999999955e+02
4.500001757812499648e+01 2.280720000000000027e+02 2.739100000000000250e+02 nan nan 4.999877929687386313e-01 3.564316999999999780e+02
8.999950781249999920e+01 2.382153000000000134e+02 2.703910999999999945e+02 nan nan 4.999877929687386313e-01 3.603580000000000041e+02
1.349999648437499786e+02 2.428207999999999913e+02 2.607139000000000237e+02 nan nan 5.000000000000000000e-01 3.562774999999999750e+02
1.799991210937499773e+02 2.393026000000000124e+02 2.506434000000000140e+02 nan nan 4.999877929687386313e-01 3.465369000000000028e+02
2.250007207031249834e+02 2.296725000000000136e+02 2.458616000000000099e+02 nan nan 4.999755859374772626e-01 3.364481999999999857e+02
2.700000351562499645e+02 2.197137999999999920e+02 2.494382999999999981e+02 nan nan 5.000000000000000000e-01 3.324057999999999993e+02
3.149999472656249395e+02 2.150498000000000047e+02 2.590887000000000171e+02 nan nan 4.999877929687386313e-01 3.367096000000000231e+02
-1.406249999999983902e-04 2.184908000000000072e+02 2.941763000000000261e+02 nan nan 1.000000000000000000e+00 3.664395000000000095e+02
4.499968359374999949e+01 2.454249000000000080e+02 2.918647000000000276e+02 nan nan 9.999877929687386313e-01 3.813376000000000090e+02
9.000005273437498943e+01 2.631741000000000099e+02 2.707115999999999758e+02 nan nan 9.999633789062727374e-01 3.775518000000000143e+02
1.350004042968749900e+02 2.608523999999999887e+02 2.432284999999999968e+02 nan nan 9.999877929687386313e-01 3.566567999999999756e+02
1.800004746093749759e+02 2.396851000000000056e+02 2.254958000000000027e+02 nan nan 9.999755859374772626e-01 3.290855999999999995e+02
2.250001230468749895e+02 2.122520000000000095e+02 2.279549000000000092e+02 nan nan 9.999755859374772626e-01 3.114712999999999852e+02
2.699997011718749604e+02 1.946107000000000085e+02 2.490555999999999983e+02 nan nan 9.999755859374772626e-01 3.160727999999999724e+02
3.150000175781249254e+02 1.968999000000000024e+02 2.765523000000000025e+02 nan nan 9.999511718750113687e-01 3.394859999999999900e+02
-7.031249999999919509e-05 2.180446000000000026e+02 3.191890999999999963e+02 nan nan 1.499938964843750000e+00 3.865554999999999950e+02
4.500033398437499699e+01 2.631322999999999865e+02 3.097518000000000029e+02 nan nan 1.499975585937477263e+00 4.064293000000000120e+02
9.000005273437498943e+01 2.884193999999999960e+02 2.709673000000000229e+02 nan nan 1.499963378906272737e+00 3.957386000000000195e+02
1.349997539062499925e+02 2.787316000000000145e+02 2.257965000000000089e+02 nan nan 1.500000000000000000e+00 3.587135000000000105e+02
1.799999296874999857e+02 2.399262999999999977e+02 2.004638999999999953e+02 nan nan 1.499987792968738631e+00 3.126505999999999972e+02
2.249996308593749745e+02 1.948252999999999986e+02 2.100403000000000020e+02 nan nan 1.499963378906272737e+00 2.864852999999999952e+02
2.700000351562499645e+02 1.695739000000000090e+02 2.489550000000000125e+02 nan nan 1.500036621093727263e+00 3.012207000000000221e+02
3.149998769531249536e+02 1.791526000000000067e+02 2.940858999999999810e+02 nan nan 1.499987792968738631e+00 3.443575999999999908e+02
3.164062500000015821e-04 2.177227000000000032e+02 3.442731999999999744e+02 nan nan 1.999963378906272737e+00 4.073416000000000281e+02
4.500021093750000034e+01 2.806159999999999854e+02 3.277153000000000134e+02 nan nan 1.999914550781227263e+00 4.314424999999999955e+02
9.000021093750000034e+01 3.133226999999999975e+02 2.712003000000000270e+02 nan nan 2.000012207031261369e+00 4.143919999999999959e+02
1.350000175781249823e+02 2.967364000000000033e+02 2.082878000000000043e+02 nan nan 1.999963378906272737e+00 3.625414000000000101e+02
1.800002636718749898e+02 2.401996000000000038e+02 1.753770000000000095e+02 nan nan 1.999975585937477263e+00 2.974103999999999814e+02
2.250002285156249968e+02 1.773228000000000009e+02 1.920871999999999957e+02 nan nan 1.999975585937477263e+00 2.614209000000000174e+02
2.699995605468749318e+02 1.445979000000000099e+02 2.486239999999999952e+02 nan nan 2.000012207031261369e+00 2.876150999999999840e+02
3.150002109374999577e+02 1.614663999999999930e+02 3.114678000000000111e+02 nan nan 2.000024414062522737e+00 3.508326999999999884e+02
2.109375000000010547e-04 2.174387999999999863e+02 3.692431000000000267e+02 nan nan 2.500012207031261369e+00 4.285092000000000212e+02
4.500007031250000011e+01 2.979966999999999757e+02 3.456643000000000256e+02 nan nan 2.499987792968738631e+00 4.563833999999999946e+02
9.000042187500000068e+01 3.383328000000000202e+02 2.715482000000000085e+02 nan nan 2.499963378906272737e+00 4.338288999999999760e+02
1.349997011718749889e+02 3.146472999999999729e+02 1.907215999999999951e+02 nan nan 2.500012207031261369e+00 3.679370000000000118e+02
1.799998945312499927e+02 2.405866000000000042e+02 1.503948000000000036e+02 nan nan 2.499938964843750000e+00 2.837260999999999740e+02
2.249999472656249964e+02 1.599521000000000015e+02 1.740884000000000071e+02 nan nan 2.499938964843750000e+00 2.364137000000000057e+02
2.700003867187499509e+02 1.193966000000000065e+02 2.484100999999999999e+02 nan nan 2.499938964843750000e+00 2.756141000000000076e+02
3.149998769531249536e+02 1.434484999999999957e+02 3.290937000000000126e+02 nan nan 2.500012207031261369e+00 3.589988000000000170e+02
1.757812500000066613e-05 2.173146999999999878e+02 3.942201000000000022e+02 nan nan 3.000024414062522737e+00 4.501501999999999839e+02
4.499954296874999926e+01 3.158668000000000120e+02 3.636053999999999746e+02 nan nan 2.999963378906272737e+00 4.816437999999999988e+02
9.000035156250000057e+01 3.637552000000000021e+02 2.718256999999999834e+02 nan nan 2.999987792968738631e+00 4.541003000000000043e+02
1.350002812500000005e+02 3.325966999999999985e+02 1.731830999999999960e+02 nan nan 2.999963378906272737e+00 3.749839000000000055e+02
1.800000527343749752e+02 2.407899999999999920e+02 1.253204999999999956e+02 nan nan 2.999975585937477263e+00 2.714499000000000137e+02
2.249995429687499779e+02 1.422531999999999925e+02 1.562159000000000049e+02 nan nan 3.000024414062522737e+00 2.112803000000000111e+02
2.700003691406249686e+02 9.428719999999999857e+01 2.479695000000000107e+02 nan nan 2.999975585937477263e+00 2.652903000000000020e+02
3.149999121093749750e+02 1.252038000000000011e+02 3.465108999999999924e+02 nan nan 3.000012207031261369e+00 3.684370000000000118e+02
7.031249999999919509e-05 2.169719000000000051e+02 4.197490999999999985e+02 nan nan 3.500000000000000000e+00 4.725104000000000042e+02
4.499985937499999977e+01 3.330133999999999901e+02 3.816227999999999838e+02 nan nan 3.500012207031261369e+00 5.064916999999999803e+02
8.999966601562499591e+01 3.887144000000000119e+02 2.720398999999999887e+02 nan nan 3.499938964843750000e+00 4.744519000000000233e+02
1.350000351562499930e+02 3.505285000000000082e+02 1.557028999999999996e+02 nan nan 3.499975585937477263e+00 3.835538999999999987e+02
1.800000000000000000e+02 2.410768999999999949e+02 1.001530999999999949e+02 nan nan 3.499987792968738631e+00 2.610530999999999722e+02
2.249998242187499784e+02 1.245317000000000007e+02 1.382159000000000049e+02 nan nan 3.500036621093727263e+00 1.860423999999999864e+02
2.700000175781249254e+02 6.905580000000000496e+01 2.478649000000000058e+02 nan nan 3.500024414062522737e+00 2.573047000000000253e+02
3.150001757812499363e+02 1.074372999999999934e+02 3.640672000000000139e+02 nan nan 3.499963378906272737e+00 3.795889000000000237e+02
7.031249999999919509e-05 2.166401999999999930e+02 4.448403999999999883e+02 nan nan 3.999987792968738631e+00 4.947887999999999806e+02
4.499927929687499528e+01 3.508627000000000180e+02 3.998464000000000169e+02 nan nan 3.999951171875011369e+00 5.319602999999999611e+02
8.999943749999999909e+01 4.136952999999999747e+02 2.724037000000000148e+02 nan nan 3.999975585937477263e+00 4.953256999999999834e+02
1.350000000000000000e+02 3.685441999999999894e+02 1.380491000000000099e+02 nan nan 3.999963378906272737e+00 3.935509999999999877e+02
1.800002285156249968e+02 2.413305000000000007e+02 7.506950000000000500e+01 nan nan 3.999975585937477263e+00 2.527367000000000132e+02
2.249998066406249961e+02 1.068034999999999997e+02 1.203020999999999958e+02 nan nan 4.000000000000000000e+00 1.608712999999999909e+02
2.699999999999999432e+02 4.397950000000000159e+01 2.475791000000000111e+02 nan nan 3.999975585937477263e+00 2.514550000000000125e+02
3.149998242187499500e+02 8.970600000000000307e+01 3.817694000000000187e+02 nan nan 4.000000000000000000e+00 3.921671000000000049e+02
7.031249999999919509e-05 2.163624000000000080e+02 4.697549999999999955e+02 nan nan 4.500012207031261369e+00 5.171870999999999867e+02
4.499968359374999949e+01 3.686016999999999939e+02 4.177085000000000150e+02 nan nan 4.500012207031261369e+00 5.570884999999999536e+02
8.999998242187498931e+01 4.390337000000000103e+02 2.727443000000000097e+02 nan nan 4.499975585937477263e+00 5.168559000000000196e+02
1.349993847656249955e+02 3.864171000000000049e+02 1.204498999999999995e+02 nan nan 4.499963378906272737e+00 4.047547000000000139e+02
1.799998945312499927e+02 2.415781000000000063e+02 4.978079999999999927e+01 nan nan 4.499877929687500000e+00 2.466537999999999897e+02
2.249999296874999857e+02 8.941440000000000055e+01 1.023310000000000031e+02 nan nan 4.499987792968738631e+00 1.358917999999999893e+02
2.699998242187499500e+02 1.865409999999999968e+01 2.472498999999999967e+02 nan nan 4.499963378906272737e+00 2.479525999999999897e+02
3.149999121093749750e+02 7.141570000000000107e+01 3.994805999999999813e+02 nan nan 4.500000000000000000e+00 4.058138999999999896e+02
