2.285156249999982514e-04 2.219716999999999985e+02 2.356374999999999886e+02 nan nan 2.441406252273736754e-05 3.237228000000000065e+02
9.000024609374999329e+01 2.163838000000000079e+02 2.615260999999999854e+02 nan nan 4.882812498863131623e-05 3.394375000000000000e+02
1.800002109374999861e+02 2.419379999999999882e+02 2.670357000000000198e+02 nan nan 2.441406252273736754e-05 3.603360000000000127e+02
2.699995078124999281e+02 2.476432000000000073e+02 2.411497999999999990e+02 nan nan 4.882812498863131623e-05 3.456592999999999734e+02
1.933593750000003886e-04 2.217937000000000012e+02 2.405828999999999951e+02 nan nan 9.998779296876136868e-02 3.272194999999999823e+02
9.000047460937499011e+01 2.212194000000000074e+02 2.615679999999999836e+02 nan nan 1.000000000000227374e-01 3.425724000000000160e+02
1.800000000000000000e+02 2.419547000000000025e+02 2.620237999999999943e+02 nan nan 9.995117187497726263e-02 3.566490999999999758e+02
2.699997539062499641e+02 2.425980999999999881e+02 2.410252999999999872e+02 nan nan 9.997558593750000000e-02 3.419751999999999725e+02
1.933593750000003886e-04 2.217785000000000082e+02 2.456413000000000011e+02 nan nan 1.999877929687272626e-01 3.309461000000000013e+02
9.000014062500000023e+01 2.262270000000000039e+02 2.616458000000000084e+02 nan nan 2.000122070312500000e-01 3.458860999999999990e+02
1.800003515624999864e+02 2.420526999999999873e+02 2.570036999999999807e+02 nan nan 2.000366210937727374e-01 3.530445000000000277e+02
2.700001230468749327e+02 2.375632999999999981e+02 2.409475999999999942e+02 nan nan 1.999877929687272626e-01 3.383668000000000120e+02
2.460937499999989175e-04 2.216646000000000072e+02 2.506896999999999878e+02 nan nan 2.999755859374886313e-01 3.346349000000000160e+02
8.999971874999999955e+01 2.312786999999999864e+02 2.616793999999999869e+02 nan nan 3.000000000000113687e-01 3.492361999999999966e+02
1.800005273437499795e+02 2.422271000000000072e+02 2.520535999999999888e+02 nan nan 2.999755859374886313e-01 3.495783000000000129e+02
2.699998945312499359e+02 2.326508000000000038e+02 2.408423999999999978e+02 nan nan 3.000000000000113687e-01 3.348604000000000269e+02
-3.515624999999994449e-04 2.215794999999999959e+02 2.556971000000000060e+02 nan nan 3.999877929687727374e-01 3.383466999999999985e+02
8.999996484374999284e+01 2.361914999999999907e+02 2.617572999999999865e+02 nan nan 3.999877929687727374e-01 3.525667000000000257e+02
1.800004394531249829e+02 2.422855999999999881e+02 2.471055000000000064e+02 nan nan 3.999877929687727374e-01 3.460684999999999718e+02
2.699999296874999573e+02 2.276230999999999938e+02 2.407899999999999920e+02 nan nan 3.999511718749886313e-01 3.313489000000000146e+02
1.757812500000066613e-05 2.214593999999999880e+02 2.606648000000000138e+02 nan nan 5.000122070312613687e-01 3.420385999999999740e+02
9.000029882812499693e+01 2.411956000000000131e+02 2.618604000000000269e+02 nan nan 4.999755859374772626e-01 3.560142999999999915e+02
1.799998945312499927e+02 2.424106999999999914e+02 2.419524999999999864e+02 nan nan 4.999755859374772626e-01 3.424966999999999757e+02
2.699997714843749463e+02 2.226552000000000078e+02 2.407145999999999901e+02 nan nan 5.000000000000000000e-01 3.279006999999999721e+02
0.000000000000000000e+00 2.213513000000000090e+02 2.656557000000000244e+02 nan nan 5.999633789062386313e-01 3.457880000000000109e+02
8.999991210937498920e+01 2.462333999999999889e+02 2.620532999999999788e+02 nan nan 6.000122070312272626e-01 3.595869999999999891e+02
1.800003164062499934e+02 2.424607000000000028e+02 2.370377000000000010e+02 nan nan 6.000000000000227374e-01 3.390783000000000129e+02
2.699999472656249395e+02 2.177522999999999911e+02 2.406871999999999900e+02 nan nan 6.000122070312272626e-01 3.245711000000000013e+02
-7.031249999999919509e-05 2.213995999999999924e+02 2.706616999999999962e+02 nan nan 6.999999999999886313e-01 3.496791999999999803e+02
9.000003515624999295e+01 2.511842000000000041e+02 2.621963000000000079e+02 nan nan 6.999877929687272626e-01 3.630982999999999947e+02
1.799998769531249820e+02 2.424286999999999921e+02 2.320569000000000131e+02 nan nan 6.999755859375227374e-01 3.355921000000000163e+02
2.699998593749999714e+02 2.127083000000000084e+02 2.406634999999999991e+02 nan nan 6.999877929687272626e-01 3.211911000000000058e+02
2.636718749999995837e-04 2.213814999999999884e+02 2.756404999999999745e+02 nan nan 7.999633789062272626e-01 3.535355999999999881e+02
9.000021093750000034e+01 2.561897999999999911e+02 2.622653999999999996e+02 nan nan 8.000122070312727374e-01 3.666283999999999992e+02
1.799995078124999850e+02 2.425432000000000130e+02 2.270058999999999969e+02 nan nan 8.000000000000113687e-01 3.322031000000000063e+02
2.699998066406249677e+02 2.075613999999999919e+02 2.405466000000000122e+02 nan nan 7.999877929687500000e-01 3.177174999999999727e+02
1.757812500000066613e-05 2.213028999999999940e+02 2.806942000000000235e+02 nan nan 8.999755859375113687e-01 3.574411999999999807e+02
9.000026367187498977e+01 2.612298999999999864e+02 2.623650999999999840e+02 nan nan 8.999999999999772626e-01 3.702384000000000128e+02
1.799998066406249961e+02 2.426477999999999895e+02 2.220477999999999952e+02 nan nan 9.000122070312386313e-01 3.289121000000000095e+02
2.699999824218749609e+02 2.025492999999999881e+02 2.404579999999999984e+02 nan nan 8.999755859375113687e-01 3.143983000000000061e+02
1.406249999999983902e-04 2.212116000000000042e+02 2.855797000000000025e+02 nan nan 9.999877929687386313e-01 3.612345000000000255e+02
8.999978906249999966e+01 2.662540000000000191e+02 2.624315000000000282e+02 nan nan 1.000012207031261369e+00 3.738469000000000051e+02
1.800001406250000002e+02 2.427759000000000071e+02 2.170674999999999955e+02 nan nan 1.000012207031261369e+00 3.256660999999999717e+02
2.700000703124999291e+02 1.975709999999999980e+02 2.403393000000000086e+02 nan nan 1.000024414062522737e+00 3.111225999999999772e+02
-5.273437499999852895e-05 2.211405000000000030e+02 2.906347999999999843e+02 nan nan 1.100000000000022737e+00 3.652008999999999901e+02
9.000007031250000011e+01 2.714995000000000118e+02 2.624372000000000185e+02 nan nan 1.099975585937500000e+00 3.776046000000000049e+02
1.799998945312499927e+02 2.428884999999999934e+02 2.120966999999999985e+02 nan nan 1.099987792968761369e+00 3.224590000000000032e+02
2.699998417968749322e+02 1.927361999999999966e+02 2.403250999999999920e+02 nan nan 1.099987792968761369e+00 3.080638999999999896e+02
-2.812500000000002498e-04 2.210361000000000047e+02 2.956424999999999841e+02 nan nan 1.200012207031250000e+00 3.691360999999999990e+02
9.000005273437498943e+01 2.763772000000000162e+02 2.624619000000000142e+02 nan nan 1.199975585937522737e+00 3.811437999999999988e+02
1.800005273437499795e+02 2.429416999999999973e+02 2.071357000000000141e+02 nan nan 1.199975585937522737e+00 3.192583000000000197e+02
2.700002636718749613e+02 1.878806999999999903e+02 2.402309999999999945e+02 nan nan 1.199999999999988631e+00 3.049755999999999858e+02
-5.273437499999852895e-05 2.209262999999999977e+02 3.007022999999999797e+02 nan nan 1.299938964843761369e+00 3.731358000000000175e+02
8.999994726562499636e+01 2.812932999999999879e+02 2.625914999999999964e+02 nan nan 1.299987792968750000e+00 3.848118999999999801e+02
1.800002109374999861e+02 2.429977000000000089e+02 2.020321000000000140e+02 nan nan 1.299963378906227263e+00 3.160140000000000100e+02
2.699997890624999286e+02 1.827690000000000055e+02 2.401564999999999941e+02 nan nan 1.299951171875022737e+00 3.017941000000000145e+02
1.757812499999997224e-04 2.208215999999999894e+02 3.055778000000000247e+02 nan nan 1.400012207031238631e+00 3.770144999999999982e+02
9.000066796874999397e+01 2.863446000000000140e+02 2.627155999999999949e+02 nan nan 1.399975585937511369e+00 3.886034999999999968e+02
1.800002285156249968e+02 2.431123000000000047e+02 1.969975000000000023e+02 nan nan 1.400012207031238631e+00 3.129082999999999970e+02
2.700000351562499645e+02 1.776321000000000083e+02 2.400495999999999981e+02 nan nan 1.400012207031238631e+00 2.986250999999999749e+02
1.757812500000066613e-05 2.207867999999999995e+02 3.107033999999999878e+02 nan nan 1.499975585937477263e+00 3.811605999999999881e+02
8.999970117187498886e+01 2.914014000000000237e+02 2.627388000000000261e+02 nan nan 1.500024414062522737e+00 3.923600999999999885e+02
1.799996484374999852e+02 2.431509000000000071e+02 1.919841999999999871e+02 nan nan 1.499987792968738631e+00 3.098068999999999846e+02
2.699999999999999432e+02 1.726339999999999861e+02 2.398716000000000008e+02 nan nan 1.499987792968738631e+00 2.955348999999999933e+02
8.789062499999986122e-05 2.207000999999999920e+02 3.156936999999999784e+02 nan nan 1.599963378906238631e+00 3.851895999999999844e+02
8.999984179687498909e+01 2.963690000000000282e+02 2.628396999999999935e+02 nan nan 1.600000000000022737e+00 3.961304000000000087e+02
1.799998769531249820e+02 2.432047000000000025e+02 1.871005000000000109e+02 nan nan 1.600036621093750000e+00 3.068471000000000117e+02
2.699998593749999714e+02 1.676540999999999997e+02 2.397860000000000014e+02 nan nan 1.599963378906238631e+00 2.925837000000000216e+02
-3.515625000000133227e-05 2.205372999999999877e+02 3.206256000000000199e+02 nan nan 1.699938964843738631e+00 3.891496999999999957e+02
9.000042187500000068e+01 3.012764000000000237e+02 2.629003999999999905e+02 nan nan 1.699975585937522737e+00 3.998550999999999931e+02
1.799998945312499927e+02 2.433104999999999905e+02 1.819893999999999892e+02 nan nan 1.700048828124977263e+00 3.038423000000000229e+02
2.699999999999999432e+02 1.625803999999999974e+02 2.397121999999999957e+02 nan nan 1.699975585937522737e+00 2.896451999999999884e+02
-1.406249999999983902e-04 2.203923000000000059e+02 3.257105999999999995e+02 nan nan 1.799987792968750000e+00 3.932685999999999922e+02
9.000033398437498988e+01 3.061743999999999915e+02 2.629236999999999966e+02 nan nan 1.799975585937488631e+00 4.035735999999999990e+02
1.799992089843749739e+02 2.434138000000000090e+02 1.769162000000000035e+02 nan nan 1.799987792968750000e+00 3.009146000000000072e+02
2.699997890624999286e+02 1.576374000000000137e+02 2.397639000000000067e+02 nan nan 1.799963378906227263e+00 2.869429999999999836e+02
3.515625000000133227e-05 2.203826999999999998e+02 3.307748000000000275e+02 nan nan 1.899951171874988631e+00 3.974676000000000045e+02
8.999980664062499613e+01 3.112735000000000127e+02 2.630504000000000246e+02 nan nan 1.900024414062500000e+00 4.075373999999999910e+02
1.799997539062499925e+02 2.434636999999999887e+02 1.719261999999999944e+02 nan nan 1.899999999999977263e+00 2.980489999999999782e+02
2.699997011718749604e+02 1.526802999999999884e+02 2.396663000000000068e+02 nan nan 1.899975585937511369e+00 2.841675999999999931e+02
