-3.515624999999994449e-04 2.376839294433593750e+02 2.214106292724609375e+02 4.023461341857910156e+00 1.925350189208984375e+01 2.700000000000000000e+02
8.999973632812499602e+01 2.295397338867187500e+02 2.301091613769531250e+02 1.759939670562744141e+00 2.820153503417968750e+02 2.700000122070312614e+02
1.800000703124999859e+02 2.382553100585937500e+02 2.382422943115234375e+02 3.131937265396118164e+00 1.514667510986328125e+02 2.700000000000000000e+02
2.699999648437499786e+02 2.463266906738281250e+02 2.295859527587890625e+02 4.765373706817626953e+00 8.296069335937500000e+01 2.699999877929687386e+02
8.789062499999986122e-05 2.374353790283203125e+02 2.282720489501953125e+02 1.449923634529113770e+00 4.760077667236328125e+01 2.725000000000000000e+02
8.999984179687498909e+01 2.364379882812500000e+02 2.304303894042968750e+02 5.665716528892517090e-01 7.203285980224609375e+01 2.724999755859374773e+02
1.799998945312499643e+02 2.384900817871093750e+02 2.313650970458984375e+02 1.428095102310180664e+00 9.364817047119140625e+01 2.724999633789062727e+02
2.699998945312499927e+02 2.395005340576171875e+02 2.293223114013671875e+02 1.995984077453613281e+00 7.103952789306640625e+01 2.724999633789062727e+02
-7.031249999999919509e-05 2.371358489990234375e+02 2.353102874755859375e+02 1.812953352928161621e+00 1.465820922851562500e+02 2.750000122070312614e+02
8.999987695312499625e+01 2.433964385986328125e+02 2.306372222900390625e+02 3.524307966232299805e+00 8.720381164550781250e+01 2.750000000000000000e+02
1.799995957031249816e+02 2.387539520263671875e+02 2.244466705322265625e+02 3.077709674835205078e+00 3.372182083129882812e+01 2.750000000000000000e+02
2.699997539062500209e+02 2.325669097900390625e+02 2.290710601806640625e+02 7.946724295616149902e-01 3.191356506347656250e+02 2.749999877929687386e+02
-5.273437499999852895e-05 2.368787384033203125e+02 2.422163238525390625e+02 4.482123374938964844e+00 1.673591613769531250e+02 2.774999877929687386e+02
8.999966601562499591e+01 2.502865753173828125e+02 2.309660797119140625e+02 6.313254356384277344e+00 8.970007324218750000e+01 2.775000244140625227e+02
1.799994199218749884e+02 2.390305786132812500e+02 2.175091705322265625e+02 5.698493003845214844e+00 1.927471733093261719e+01 2.774999755859374773e+02
2.699999472656249964e+02 2.256494598388671875e+02 2.288218383789062500e+02 3.496577978134155273e+00 2.849459533691406250e+02 2.774999633789062727e+02
