-1.230468750000011935e-04 2.391065999999999860e+02 2.404011000000000138e+02 nan nan 0.000000000000000000e+00 3.390643999999999778e+02
8.999938476562499545e+01 2.388596000000000004e+02 2.418291000000000111e+02 nan nan 0.000000000000000000e+00 3.399046999999999912e+02
1.800001582031249825e+02 2.401634999999999991e+02 2.420604999999999905e+02 nan nan 2.441406252273736754e-05 3.409864999999999782e+02
2.699998769531249536e+02 2.404610000000000127e+02 2.407057000000000073e+02 nan nan 2.441406252273736754e-05 3.402363000000000284e+02
2.109375000000010547e-04 2.391177999999999884e+02 2.561492999999999824e+02 nan nan 5.999926757812488631e+00 3.504137000000000057e+02
9.000047460937499011e+01 2.546186999999999898e+02 2.419566000000000088e+02 nan nan 6.000024414062522737e+00 3.512459000000000060e+02
1.799996484374999852e+02 2.402956000000000074e+02 2.262797999999999945e+02 nan nan 6.000036621093727263e+00 3.300674999999999955e+02
2.700003164062499650e+02 2.248026999999999873e+02 2.405970000000000084e+02 nan nan 5.999975585937477263e+00 3.292767000000000053e+02
-1.054687500000005274e-04 2.390089000000000112e+02 2.721265000000000214e+02 nan nan 1.199995117187501137e+01 3.621852000000000089e+02
9.000000000000000000e+01 2.706533000000000015e+02 2.420202999999999918e+02 nan nan 1.199997558593747726e+01 3.630799000000000092e+02
1.800003691406249970e+02 2.404228999999999985e+02 2.103019999999999925e+02 nan nan 1.199996337890627274e+01 3.194214999999999804e+02
2.699998769531249536e+02 2.088651000000000124e+02 2.404798999999999864e+02 nan nan 1.199998779296873863e+01 3.185203000000000202e+02
4.394531249999993061e-04 2.388953999999999951e+02 2.887676000000000158e+02 nan nan 1.799998779296873863e+01 3.747769000000000119e+02
8.999987695312499625e+01 2.872124999999999773e+02 2.421115000000000066e+02 nan nan 1.799998779296873863e+01 3.756447999999999752e+02
1.799993671874999848e+02 2.405897999999999968e+02 1.937924999999999898e+02 nan nan 1.799996337890627274e+01 3.089320000000000164e+02
2.699998242187499500e+02 1.922737999999999943e+02 2.404022999999999968e+02 nan nan 1.800000000000000000e+01 3.078351999999999862e+02
-2.109375000000010547e-04 2.387965000000000089e+02 3.062866999999999962e+02 nan nan 2.399997558593747726e+01 3.883752000000000066e+02
9.000047460937499011e+01 3.047769999999999868e+02 2.422425000000000068e+02 nan nan 2.399996337890627274e+01 3.893204999999999814e+02
1.800001582031249825e+02 2.406654000000000053e+02 1.762805999999999926e+02 nan nan 2.399998779296873863e+01 2.983197999999999865e+02
2.699994199218749600e+02 1.747410000000000139e+02 2.403002999999999929e+02 nan nan 2.399996337890627274e+01 2.971172000000000253e+02
-1.054687500000005274e-04 2.386567000000000007e+02 3.251403999999999996e+02 nan nan 2.999998779296873863e+01 4.033278000000000247e+02
8.999964843749999943e+01 3.236186000000000149e+02 2.424123999999999910e+02 nan nan 2.999997558593747726e+01 4.043423999999999978e+02
1.799997714843749748e+02 2.407540999999999940e+02 1.574749999999999943e+02 nan nan 2.999996337890627274e+01 2.876820000000000164e+02
2.700002109374999577e+02 1.558349000000000046e+02 2.401848999999999990e+02 nan nan 2.999998779296873863e+01 2.863097999999999956e+02
-8.789062499999986122e-05 2.385182000000000073e+02 3.460351999999999748e+02 nan nan 3.600000000000000000e+01 4.202753000000000156e+02
8.999950781249999920e+01 3.444225999999999885e+02 2.425446000000000026e+02 nan nan 3.600000000000000000e+01 4.212538999999999874e+02
1.799992089843749739e+02 2.409531000000000063e+02 1.367365000000000066e+02 nan nan 3.600000000000000000e+01 2.770473999999999819e+02
2.699999121093749750e+02 1.350629999999999882e+02 2.400643000000000029e+02 nan nan 3.599998779296873863e+01 2.754503000000000270e+02
-2.460937499999989175e-04 2.383160000000000025e+02 3.696281000000000176e+02 nan nan 4.200000000000000000e+01 4.397948000000000093e+02
8.999982421874999261e+01 3.680471999999999753e+02 2.426786999999999921e+02 nan nan 4.199996337890627274e+01 4.408534000000000219e+02
1.799992968749999989e+02 2.410922999999999945e+02 1.132026000000000039e+02 nan nan 4.199995117187501137e+01 2.663462999999999852e+02
2.700000703124999291e+02 1.114017999999999944e+02 2.398602999999999952e+02 nan nan 4.199998779296873863e+01 2.644680000000000177e+02
-3.164062500000015821e-04 2.381744999999999948e+02 3.973906999999999812e+02 nan nan 4.799998779296873863e+01 4.632995000000000232e+02
9.000042187500000068e+01 3.956025999999999954e+02 2.429310999999999865e+02 nan nan 4.799997558593753411e+01 4.642379999999999995e+02
1.800005097656249973e+02 2.412151000000000067e+02 8.563320000000000221e+01 nan nan 4.800000000000000000e+01 2.559644000000000119e+02
2.700000175781249254e+02 8.393689999999999429e+01 2.397252000000000010e+02 nan nan 4.799997558593753411e+01 2.539952000000000112e+02
-3.515625000000133227e-05 2.378426000000000045e+02 4.311037999999999784e+02 nan nan 5.399998779296873863e+01 4.923611999999999966e+02
8.999987695312499625e+01 4.292844999999999800e+02 2.432225999999999999e+02 nan nan 5.399998779296873863e+01 4.933987999999999943e+02
1.800001933593749754e+02 2.415986000000000047e+02 5.213609999999999900e+01 nan nan 5.400001220703126137e+01 2.471599999999999966e+02
2.699996132812499354e+02 5.016490000000000293e+01 2.395432999999999879e+02 nan nan 5.399998779296873863e+01 2.447396999999999991e+02
