1.757812499999997224e-04 2.417214999999999918e+02 2.338986999999999910e+02 nan nan 4.882812498863131623e-05 3.363598000000000070e+02
8.999977148437498897e+01 2.414358000000000004e+02 2.352780999999999949e+02 nan nan 1.220703126136868377e-05 3.371157999999999788e+02
1.800003164062499934e+02 2.428731999999999971e+02 2.355321000000000140e+02 nan nan 1.220703126136868377e-05 3.383235000000000241e+02
2.699998945312499359e+02 2.431160000000000139e+02 2.341486999999999910e+02 nan nan 1.220703126136868377e-05 3.375366999999999962e+02
-1.757812499999997224e-04 2.416771999999999991e+02 2.495537999999999954e+02 nan nan 6.000024414062522737e+00 3.473974000000000046e+02
8.999998242187498931e+01 2.572635000000000218e+02 2.352100000000000080e+02 nan nan 5.999963378906272737e+00 3.485803000000000225e+02
1.800003867187499793e+02 2.428576999999999941e+02 2.197365000000000066e+02 nan nan 6.000048828124988631e+00 3.275117999999999938e+02
2.699999296874999573e+02 2.273020999999999958e+02 2.340550000000000068e+02 nan nan 6.000000000000000000e+00 3.262636999999999716e+02
1.406249999999983902e-04 2.416493000000000109e+02 2.655581999999999994e+02 nan nan 1.199998779296873863e+01 3.590480999999999767e+02
9.000024609374999329e+01 2.732407999999999788e+02 2.353136000000000081e+02 nan nan 1.199997558593747726e+01 3.606009000000000242e+02
1.799998945312499927e+02 2.428642000000000110e+02 2.036791000000000054e+02 nan nan 1.199998779296873863e+01 3.169671999999999912e+02
2.700002285156249400e+02 2.112521999999999878e+02 2.340330999999999904e+02 nan nan 1.199997558593747726e+01 3.152760000000000105e+02
2.460937499999989175e-04 2.416050999999999931e+02 2.822031999999999812e+02 nan nan 1.799997558593747726e+01 3.714991999999999734e+02
9.000001757812499648e+01 2.898453999999999837e+02 2.352849999999999966e+02 nan nan 1.800001220703126137e+01 3.733220999999999776e+02
1.799989628906249948e+02 2.429243999999999915e+02 1.870961000000000070e+02 nan nan 1.800000000000000000e+01 3.066222999999999956e+02
2.700000351562499645e+02 1.947382000000000062e+02 2.340360000000000014e+02 nan nan 1.800000000000000000e+01 3.044599000000000046e+02
4.746093750000006384e-04 2.415581999999999994e+02 2.997128999999999905e+02 nan nan 2.400000000000000000e+01 3.849392000000000280e+02
9.000019335937498965e+01 3.072896000000000072e+02 2.354173999999999864e+02 nan nan 2.399997558593747726e+01 3.871023999999999887e+02
1.799993144531249811e+02 2.429668000000000063e+02 1.696562000000000126e+02 nan nan 2.399997558593747726e+01 2.963378000000000156e+02
2.700000878906249682e+02 1.772579000000000065e+02 2.339712000000000103e+02 nan nan 2.399997558593747726e+01 2.935351999999999748e+02
-2.636718749999995837e-04 2.415355999999999881e+02 3.185804999999999723e+02 nan nan 2.999997558593747726e+01 3.997912000000000035e+02
9.000049218750000080e+01 3.261569999999999823e+02 2.354381999999999948e+02 nan nan 2.999998779296873863e+01 4.022556000000000154e+02
1.800001406250000002e+02 2.430696000000000083e+02 1.508759000000000015e+02 nan nan 3.000001220703126137e+01 2.860880000000000223e+02
2.699999296874999573e+02 1.583657000000000039e+02 2.339154000000000053e+02 nan nan 2.999996337890627274e+01 2.824821000000000026e+02
-5.449218749999998335e-04 2.415018000000000029e+02 3.394882000000000062e+02 nan nan 3.599998779296873863e+01 4.166238000000000170e+02
8.999892773437498761e+01 3.469196999999999775e+02 2.354843999999999937e+02 nan nan 3.599998779296873863e+01 4.192925000000000182e+02
1.800000000000000000e+02 2.430869000000000142e+02 1.301387000000000000e+02 nan nan 3.599996337890627274e+01 2.757305000000000064e+02
2.700003339843749472e+02 1.376431000000000040e+02 2.338952999999999918e+02 nan nan 3.599996337890627274e+01 2.713901999999999930e+02
7.031249999999919509e-05 2.414562999999999988e+02 3.631707000000000107e+02 nan nan 4.199997558593753411e+01 4.361125000000000114e+02
9.000035156250000057e+01 3.704621000000000208e+02 2.355581999999999994e+02 nan nan 4.199997558593753411e+01 4.390101000000000226e+02
1.800002812500000005e+02 2.432736999999999910e+02 1.067443999999999988e+02 nan nan 4.200001220703126137e+01 2.656623000000000161e+02
2.700000351562499645e+02 1.141649000000000029e+02 2.337999000000000080e+02 nan nan 4.200001220703126137e+01 2.601845999999999890e+02
-5.273437499999991673e-04 2.413888000000000034e+02 3.908938999999999737e+02 nan nan 4.799998779296873863e+01 4.594198000000000093e+02
9.000077343749998704e+01 3.980464000000000055e+02 2.357463999999999942e+02 nan nan 4.799997558593753411e+01 4.626200000000000045e+02
1.800003515624999864e+02 2.432719999999999914e+02 7.942959999999999354e+01 nan nan 4.799997558593753411e+01 2.559107999999999947e+02
2.699998593749999714e+02 8.664509999999999934e+01 2.337548999999999921e+02 nan nan 4.799998779296873863e+01 2.492965000000000089e+02
2.460937499999989175e-04 2.412630000000000052e+02 4.247538000000000125e+02 nan nan 5.399997558593753411e+01 4.884911999999999921e+02
8.999982421874999261e+01 4.315434000000000196e+02 2.358586999999999989e+02 nan nan 5.399998779296873863e+01 4.917916999999999916e+02
1.800001582031249825e+02 2.435103000000000009e+02 4.604890000000000327e+01 nan nan 5.400000000000000000e+01 2.478260999999999967e+02
2.700000527343749468e+02 5.341009999999999991e+01 2.336310000000000002e+02 nan nan 5.399998779296873863e+01 2.396582999999999970e+02
