1.582031249999990563e-04 2.468249000000000137e+02 2.290170999999999992e+02 nan nan 0.000000000000000000e+00 3.367065999999999804e+02
8.999989453124999272e+01 2.465447000000000060e+02 2.304442999999999984e+02 nan nan 2.441406252273736754e-05 3.374741999999999962e+02
1.800004921874999866e+02 2.479735000000000014e+02 2.306995000000000005e+02 nan nan 2.441406252273736754e-05 3.386931999999999903e+02
2.700004570312499368e+02 2.482460000000000093e+02 2.292785000000000082e+02 nan nan 4.882812498863131623e-05 3.379270999999999958e+02
2.285156249999982514e-04 2.467073000000000036e+02 2.451640999999999906e+02 nan nan 6.000012207031261369e+00 3.478072999999999979e+02
8.999961328124999227e+01 2.626564000000000192e+02 2.305251000000000090e+02 nan nan 5.999951171875011369e+00 3.494712999999999852e+02
1.800002109374999861e+02 2.480615999999999985e+02 2.145543999999999869e+02 nan nan 6.000036621093727263e+00 3.279757999999999925e+02
2.700003339843749472e+02 2.321137999999999977e+02 2.290825000000000102e+02 nan nan 6.000012207031261369e+00 3.261220999999999890e+02
1.406249999999983902e-04 2.465335000000000036e+02 2.615391999999999939e+02 nan nan 1.200001220703126137e+01 3.594182999999999879e+02
9.000001757812499648e+01 2.790650999999999726e+02 2.306680000000000064e+02 nan nan 1.200000000000000000e+01 3.620566999999999780e+02
1.800000878906249966e+02 2.482818000000000040e+02 1.981076999999999941e+02 nan nan 1.200001220703126137e+01 3.176326999999999998e+02
2.699999824218749609e+02 2.156744999999999948e+02 2.289547000000000025e+02 nan nan 1.199998779296873863e+01 3.145405000000000086e+02
5.273437499999852895e-05 2.464076000000000022e+02 2.785577000000000112e+02 nan nan 1.800001220703126137e+01 3.719019999999999868e+02
9.000040429687499000e+01 2.960065999999999917e+02 2.308473999999999933e+02 nan nan 1.800000000000000000e+01 3.753804000000000087e+02
1.800001582031249825e+02 2.484311999999999898e+02 1.811285000000000025e+02 nan nan 1.799995117187501137e+01 3.074501000000000204e+02
2.699999648437499786e+02 1.987390000000000043e+02 2.287744000000000142e+02 nan nan 1.799997558593747726e+01 3.030427999999999997e+02
1.757812500000066613e-05 2.462315000000000111e+02 2.964196999999999775e+02 nan nan 2.399996337890627274e+01 3.853500000000000227e+02
9.000026367187498977e+01 3.139440999999999917e+02 2.310583000000000027e+02 nan nan 2.400002441406252274e+01 3.898061999999999898e+02
1.799997714843749748e+02 2.485767999999999915e+02 1.632203000000000088e+02 nan nan 2.399995117187501137e+01 2.973740000000000236e+02
2.699999648437499786e+02 1.808276999999999930e+02 2.286616999999999962e+02 nan nan 2.400001220703126137e+01 2.915215999999999781e+02
-1.406249999999983902e-04 2.460048999999999921e+02 3.157418999999999869e+02 nan nan 2.999996337890627274e+01 4.002640999999999849e+02
9.000008789062499659e+01 3.332912999999999784e+02 2.312269000000000005e+02 nan nan 3.000000000000000000e+01 4.056464000000000283e+02
1.799998769531249820e+02 2.487630000000000052e+02 1.439310999999999865e+02 nan nan 3.000001220703126137e+01 2.874008000000000038e+02
2.699999296874999573e+02 1.615646000000000129e+02 2.285039999999999907e+02 nan nan 2.999998779296873863e+01 2.798521000000000072e+02
-1.933593750000003886e-04 2.458175999999999988e+02 3.370029999999999859e+02 nan nan 3.599998779296873863e+01 4.171299000000000206e+02
9.000038671874999352e+01 3.545693999999999733e+02 2.314686000000000092e+02 nan nan 3.599997558593747726e+01 4.234350000000000023e+02
1.800002812500000005e+02 2.489688999999999908e+02 1.226788999999999987e+02 nan nan 3.600001220703126137e+01 2.775529000000000224e+02
2.699999824218749609e+02 1.403006000000000029e+02 2.283295999999999992e+02 nan nan 3.599998779296873863e+01 2.679900000000000091e+02
3.339843749999987788e-04 2.455746000000000038e+02 3.611517999999999802e+02 nan nan 4.199996337890627274e+01 4.367350999999999885e+02
8.999996484374999284e+01 3.786510999999999854e+02 2.317119999999999891e+02 nan nan 4.199997558593753411e+01 4.439223999999999819e+02
1.799999648437499786e+02 2.492509000000000015e+02 9.855800000000000693e+01 nan nan 4.200001220703126137e+01 2.680292999999999779e+02
2.700000175781249254e+02 1.161846000000000032e+02 2.280457000000000107e+02 nan nan 4.199996337890627274e+01 2.559369000000000085e+02
-1.406249999999983902e-04 2.452730999999999995e+02 3.894488999999999805e+02 nan nan 4.799998779296873863e+01 4.602491999999999734e+02
9.000019335937498965e+01 4.069669000000000096e+02 2.319997999999999934e+02 nan nan 4.799998779296873863e+01 4.684506000000000085e+02
1.799989804687499770e+02 2.494825999999999908e+02 7.033410000000000650e+01 nan nan 4.800001220703126137e+01 2.592074000000000069e+02
2.700001406249999718e+02 8.795120000000000005e+01 2.277187999999999874e+02 nan nan 4.799998779296873863e+01 2.441132000000000062e+02
-1.054687500000005274e-04 2.448114999999999952e+02 4.239406999999999925e+02 nan nan 5.399998779296873863e+01 4.895491999999999848e+02
8.999994726562499636e+01 4.413362999999999943e+02 2.323346999999999980e+02 nan nan 5.399997558593753411e+01 4.987556000000000154e+02
1.799996484374999852e+02 2.497040000000000077e+02 3.586500000000000199e+01 nan nan 5.399998779296873863e+01 2.522665000000000077e+02
2.699999472656249395e+02 5.332110000000000127e+01 2.274678999999999860e+02 nan nan 5.400000000000000000e+01 2.336339000000000112e+02
