-3.515625000000003123e-04 9.001541137695312500e+00 2.270350970029830933e+02 1.401842236518859863e+00 4.919797897338867188e+01 1.220703126136868377e-05 2.272134745432311718e+02
4.499964843749999233e+01 8.185470581054687500e+00 2.278274859189987183e+02 9.019659757614135742e-01 5.038426971435546875e+01 1.220703126136868377e-05 2.279744838108091187e+02
8.999982421874999261e+01 8.149505615234375000e+00 2.290344256162643433e+02 6.263587474822998047e-01 7.312210083007812500e+01 3.662109372726263246e-05 2.291793676558709194e+02
1.350002460937500075e+02 8.972900390625000000e+00 2.298411883115768433e+02 9.472090601921081543e-01 9.247298431396484375e+01 2.441406252273736754e-05 2.300162706981786584e+02
1.799999472656249964e+02 1.009109497070312500e+01 2.298390520811080933e+02 1.438802957534790039e+00 9.184819793701171875e+01 2.441406246589394868e-05 2.300604704403824030e+02
2.250006328124999868e+02 1.092169189453125000e+01 2.290598772764205933e+02 1.818630218505859375e+00 8.270960235595703125e+01 4.882812498863131623e-05 2.293201053805093750e+02
2.699998242187500068e+02 1.090026855468750000e+01 2.279097307920455933e+02 1.928721666336059570e+00 7.026614379882812500e+01 4.882812498863131623e-05 2.281702461853144541e+02
3.150001757812499932e+02 1.003865051269531250e+01 2.270767992734909058e+02 1.753363370895385742e+00 5.756365966796875000e+01 7.324218751136868377e-05 2.272985861645631189e+02
3.691406249999992437e-04 8.983551025390625000e+00 2.270331133604049683e+02 1.396486163139343262e+00 4.901100158691406250e+01 1.220703126136868377e-05 2.272107804465806851e+02
4.500082617187499068e+01 8.183502197265625000e+00 2.278231066465377808e+02 9.025426506996154785e-01 5.029473114013671875e+01 1.220703126136868377e-05 2.279700366940628840e+02
8.999978906249998545e+01 8.150695800781250000e+00 2.290318163633346558e+02 6.272096037864685059e-01 7.306959533691406250e+01 1.220703126136868377e-05 2.291768023791350402e+02
1.350000000000000000e+02 8.975524902343750000e+00 2.298423479795455933e+02 9.483897686004638672e-01 9.249275207519531250e+01 4.882812498863131623e-05 2.300175318796876240e+02
1.800001230468749895e+02 1.008532714843750000e+01 2.298357561826705933e+02 1.436241984367370605e+00 9.180514526367187500e+01 0.000000000000000000e+00 2.300569247898245919e+02
2.249994726562499920e+02 1.093464660644531250e+01 2.290601366758346558e+02 1.824180126190185547e+00 8.273175811767578125e+01 1.220703126136868377e-05 2.293209818362896613e+02
2.700001406249999718e+02 1.089028930664062500e+01 2.279281023740768433e+02 1.921962022781372070e+00 7.041620635986328125e+01 2.441406246589394868e-05 2.281881203153003241e+02
3.150004570312499936e+02 1.003652954101562500e+01 2.270723589658737183e+02 1.753630876541137695e+00 5.750657272338867188e+01 2.441406252273736754e-05 2.272940565249216718e+02
