-2.812500000000002498e-04 2.406280999999999892e+02 2.374564000000000021e+02 nan nan 0.000000000000000000e+00 3.380642000000000280e+02
8.999912109374999147e+01 2.403805000000000121e+02 2.388636999999999944e+02 nan nan 1.220703126136868377e-05 3.388784999999999741e+02
1.799993847656249955e+02 2.418756999999999948e+02 2.391449000000000069e+02 nan nan 4.882812498863131623e-05 3.401383999999999901e+02
2.699999121093749750e+02 2.420827999999999918e+02 2.377753999999999905e+02 nan nan 0.000000000000000000e+00 3.393247000000000071e+02
3.515625000000133227e-05 2.406508000000000038e+02 2.534608000000000061e+02 nan nan 5.999926757812488631e+00 3.495070999999999799e+02
9.000026367187498977e+01 2.564187000000000012e+02 2.388928999999999974e+02 nan nan 5.999890136718761369e+00 3.504574000000000069e+02
1.800004394531249829e+02 2.418186000000000035e+02 2.230782000000000096e+02 nan nan 6.000024414062522737e+00 3.289986999999999853e+02
2.699999824218749609e+02 2.260447000000000060e+02 2.376727999999999952e+02 nan nan 5.999975585937477263e+00 3.280009000000000015e+02
2.636718749999995837e-04 2.405604999999999905e+02 2.696259999999999764e+02 nan nan 1.200000000000000000e+01 3.613412999999999897e+02
8.999991210937498920e+01 2.726383999999999901e+02 2.388940000000000055e+02 nan nan 1.199997558593747726e+01 3.624941999999999780e+02
1.800003515624999864e+02 2.418523000000000138e+02 2.068727000000000089e+02 nan nan 1.199997558593747726e+01 3.182590999999999894e+02
2.700001582031249541e+02 2.097995999999999981e+02 2.376836000000000126e+02 nan nan 1.199998779296873863e+01 3.170321000000000140e+02
8.789062499999986122e-05 2.405694000000000017e+02 2.865670999999999822e+02 nan nan 1.799996337890627274e+01 3.741582000000000221e+02
9.000024609374999329e+01 2.894234999999999900e+02 2.388737999999999886e+02 nan nan 1.799996337890627274e+01 3.752687999999999988e+02
1.799997187499999995e+02 2.419055999999999926e+02 1.901257999999999981e+02 nan nan 1.800000000000000000e+01 3.076786000000000172e+02
2.700000175781249254e+02 1.930243000000000109e+02 2.376188999999999965e+02 nan nan 1.799997558593747726e+01 3.061390999999999849e+02
3.515625000000133227e-05 2.405307999999999993e+02 3.043623000000000047e+02 nan nan 2.399993896484375000e+01 3.879322999999999979e+02
9.000015820312499670e+01 3.072155999999999949e+02 2.390221999999999980e+02 nan nan 2.399995117187501137e+01 3.892468000000000075e+02
1.800005625000000009e+02 2.419553999999999974e+02 1.724031999999999982e+02 nan nan 2.400001220703126137e+01 2.970946999999999889e+02
2.700000175781249254e+02 1.752498999999999967e+02 2.375686000000000035e+02 nan nan 2.400001220703126137e+01 2.952140999999999735e+02
5.273437499999852895e-05 2.404936999999999898e+02 3.234313999999999965e+02 nan nan 3.000001220703126137e+01 4.030448000000000093e+02
9.000045703124999363e+01 3.261422999999999774e+02 2.389029999999999916e+02 nan nan 3.000001220703126137e+01 4.042814000000000192e+02
1.800009843749999732e+02 2.420644000000000062e+02 1.533379999999999939e+02 nan nan 3.000000000000000000e+01 2.865443999999999960e+02
2.699997539062499641e+02 1.561432000000000073e+02 2.375614999999999952e+02 nan nan 2.999998779296873863e+01 2.842817999999999756e+02
1.582031249999990563e-04 2.404128000000000043e+02 3.446938999999999851e+02 nan nan 3.599998779296873863e+01 4.202524999999999977e+02
8.999998242187498931e+01 3.474492000000000189e+02 2.391938000000000102e+02 nan nan 3.600000000000000000e+01 4.218229999999999791e+02
1.800004570312499936e+02 2.421144999999999925e+02 1.323834999999999980e+02 nan nan 3.599998779296873863e+01 2.759434999999999718e+02
2.700000703124999291e+02 1.351165000000000020e+02 2.375280999999999949e+02 nan nan 3.600002441406252274e+01 2.732692000000000121e+02
-5.273437499999852895e-05 2.404268999999999892e+02 3.688054000000000201e+02 nan nan 4.199998779296873863e+01 4.402527999999999793e+02
8.999989453124999272e+01 3.714051000000000045e+02 2.392998000000000047e+02 nan nan 4.200000000000000000e+01 4.418213999999999828e+02
1.799998769531249820e+02 2.422410000000000139e+02 1.085378999999999934e+02 nan nan 4.199997558593753411e+01 2.654451999999999998e+02
2.699999472656249395e+02 1.111234000000000037e+02 2.375557000000000016e+02 nan nan 4.199995117187501137e+01 2.622615999999999872e+02
-1.757812500000066613e-05 2.401664000000000101e+02 3.967979000000000269e+02 nan nan 4.799996337890627274e+01 4.638193999999999733e+02
8.999929687499999886e+01 3.993833000000000197e+02 2.394276999999999873e+02 nan nan 4.799998779296873863e+01 4.656528999999999883e+02
1.799997890624999854e+02 2.422564000000000135e+02 8.066639999999999588e+01 nan nan 4.800001220703126137e+01 2.553335999999999899e+02
2.699997187499999427e+02 8.312189999999999657e+01 2.374780000000000086e+02 nan nan 4.799998779296873863e+01 2.516048999999999864e+02
-1.230468750000011935e-04 2.400645000000000095e+02 4.312418999999999869e+02 nan nan 5.399997558593753411e+01 4.935591000000000008e+02
9.000028125000000045e+01 4.337298000000000116e+02 2.395555999999999983e+02 nan nan 5.399998779296873863e+01 4.954880999999999744e+02
1.799998242187499784e+02 2.424687000000000126e+02 4.689159999999999684e+01 nan nan 5.399998779296873863e+01 2.469612999999999943e+02
2.700003164062499650e+02 4.924130000000000251e+01 2.374543999999999926e+02 nan nan 5.399997558593753411e+01 2.425063000000000102e+02
