1.757812499999997224e-04 2.219150999999999954e+02 2.355999999999999943e+02 nan nan 6.103515625000000000e-05 3.236567000000000007e+02
8.999998242187498931e+01 2.163569999999999993e+02 2.615602999999999838e+02 nan nan 6.103515625000000000e-05 3.394467999999999961e+02
1.799993847656249955e+02 2.419781999999999869e+02 2.670434999999999945e+02 nan nan 2.441406252273736754e-05 3.603688000000000216e+02
2.700000527343749468e+02 2.476357000000000141e+02 2.410947999999999922e+02 nan nan 1.220703126136868377e-05 3.456155999999999722e+02
-7.031249999999919509e-05 2.214421000000000106e+02 2.606000999999999976e+02 nan nan 4.999755859374772626e-01 3.419780999999999835e+02
8.999952539062499568e+01 2.411403999999999996e+02 2.618883000000000152e+02 nan nan 5.000244140625227374e-01 3.559974000000000274e+02
1.800003515624999864e+02 2.424380999999999915e+02 2.419530000000000030e+02 nan nan 4.999877929687386313e-01 3.425163999999999760e+02
2.700000175781249254e+02 2.226639999999999873e+02 2.406956000000000131e+02 nan nan 5.000000000000000000e-01 3.278926999999999907e+02
-1.054687500000005274e-04 2.211818000000000097e+02 2.855430000000000064e+02 nan nan 9.999877929687386313e-01 3.611872000000000185e+02
8.999968359374999238e+01 2.661859000000000037e+02 2.624429000000000087e+02 nan nan 1.000012207031261369e+00 3.738063999999999965e+02
1.799999824218749893e+02 2.427877000000000010e+02 2.170450999999999908e+02 nan nan 9.999877929687386313e-01 3.256600000000000250e+02
2.699998417968749322e+02 1.975526000000000124e+02 2.403579000000000008e+02 nan nan 1.000036621093727263e+00 3.111252999999999815e+02
1.054687500000005274e-04 2.208079999999999927e+02 3.107040999999999826e+02 nan nan 1.499987792968738631e+00 3.811734999999999900e+02
9.000003515624999295e+01 2.913283999999999878e+02 2.627645999999999731e+02 nan nan 1.499963378906272737e+00 3.923231999999999857e+02
1.800002636718749898e+02 2.431711999999999989e+02 1.919643000000000086e+02 nan nan 1.500012207031261369e+00 3.098104999999999905e+02
2.700000351562499645e+02 1.726339000000000112e+02 2.397975000000000136e+02 nan nan 1.499975585937477263e+00 2.954746999999999844e+02
2.460937499999989175e-04 2.202840999999999951e+02 3.357622999999999820e+02 nan nan 2.000000000000000000e+00 4.015736999999999739e+02
9.000014062500000023e+01 3.164617000000000075e+02 2.631363000000000056e+02 nan nan 1.999987792968738631e+00 4.115686000000000035e+02
1.799996484374999852e+02 2.436511999999999887e+02 1.669629999999999939e+02 nan nan 2.000024414062522737e+00 2.953684999999999832e+02
2.699998769531249536e+02 1.476862000000000137e+02 2.395619000000000085e+02 nan nan 2.000012207031261369e+00 2.814268999999999892e+02
1.757812500000066613e-05 2.198149999999999977e+02 3.608072000000000230e+02 nan nan 2.500000000000000000e+00 4.224932000000000016e+02
9.000049218750000080e+01 3.413258999999999901e+02 2.635034999999999741e+02 nan nan 2.499963378906272737e+00 4.312047000000000025e+02
1.800005273437499795e+02 2.440799000000000092e+02 1.418593999999999937e+02 nan nan 2.500000000000000000e+00 2.823102999999999838e+02
2.699998593749999714e+02 1.223863000000000056e+02 2.391708999999999889e+02 nan nan 2.499938964843750000e+00 2.686655000000000086e+02
-8.789062499999986122e-05 2.196449000000000069e+02 3.858829999999999814e+02 nan nan 2.999963378906272737e+00 4.440153000000000247e+02
9.000029882812499693e+01 3.666600999999999999e+02 2.639648000000000252e+02 nan nan 2.999975585937477263e+00 4.517930999999999813e+02
1.800002812500000005e+02 2.445050999999999988e+02 1.168448999999999955e+02 nan nan 3.000000000000000000e+00 2.709898000000000025e+02
2.699998769531249536e+02 9.763280000000000314e+01 2.386875000000000000e+02 nan nan 3.000024414062522737e+00 2.578835000000000264e+02
2.988281250000009159e-04 2.194459999999999980e+02 4.110960999999999785e+02 nan nan 3.500012207031261369e+00 4.660006000000000199e+02
9.000050976562499727e+01 3.916421000000000276e+02 2.643765000000000214e+02 nan nan 3.500073242187511369e+00 4.725235000000000127e+02
1.799998769531249820e+02 2.448079999999999927e+02 9.162399999999999523e+01 nan nan 3.499938964843750000e+00 2.613922999999999774e+02
2.700001757812499363e+02 7.240170000000000528e+01 2.382363000000000000e+02 nan nan 3.499987792968738631e+00 2.489951000000000079e+02
7.031249999999919509e-05 2.187335999999999956e+02 4.360919000000000096e+02 nan nan 3.999951171875011369e+00 4.878734999999999786e+02
8.999950781249999920e+01 4.167905999999999835e+02 2.647581999999999880e+02 nan nan 4.000024414062522737e+00 4.937724999999999795e+02
1.799999472656249964e+02 2.451904999999999859e+02 6.640040000000000475e+01 nan nan 3.999987792968738631e+00 2.540224000000000046e+02
2.700001406249999718e+02 4.722129999999999939e+01 2.379302999999999884e+02 nan nan 3.999963378906272737e+00 2.425709999999999980e+02
1.757812499999997224e-04 2.184559999999999889e+02 4.612277000000000271e+02 nan nan 4.500000000000000000e+00 5.103469999999999800e+02
8.999989453124999272e+01 4.419639000000000237e+02 2.651583999999999719e+02 nan nan 4.500073242187511369e+00 5.154038000000000466e+02
1.800002988281249827e+02 2.455865000000000009e+02 4.135990000000000322e+01 nan nan 4.500036621093727263e+00 2.490449000000000126e+02
2.699997363281249250e+02 2.204789999999999850e+01 2.374698999999999955e+02 nan nan 4.500000000000000000e+00 2.384911999999999921e+02
