1.230468750000011935e-04 2.374353942871093750e+02 2.282576141357421875e+02 1.454211115837097168e+00 4.745655059814453125e+01 2.725000366210937273e+02
4.499968359374999949e+01 2.365216522216796875e+02 2.291139373779296875e+02 9.031509757041931152e-01 4.759538269042968750e+01 2.725000122070312614e+02
8.999978906249999966e+01 2.364606018066406250e+02 2.304205780029296875e+02 5.775398612022399902e-01 7.197506713867187500e+01 2.724999633789062727e+02
1.349993144531249811e+02 2.373047637939453125e+02 2.313081512451171875e+02 9.057854413986206055e-01 9.390839385986328125e+01 2.724999877929687386e+02
1.799995078124999850e+02 2.384938049316406250e+02 2.313820800781250000e+02 1.430175781250000000e+00 9.387877655029296875e+01 2.725000122070312614e+02
2.249997714843749748e+02 2.394610290527343750e+02 2.305815734863281250e+02 1.859621882438659668e+00 8.425412750244140625e+01 2.725000244140625227e+02
2.699998417968749891e+02 2.395050811767578125e+02 2.293218841552734375e+02 1.997897505760192871e+00 7.105098724365234375e+01 2.724999755859374773e+02
3.150001582031250109e+02 2.385957183837890625e+02 2.283886260986328125e+02 1.819851636886596680e+00 5.754024505615234375e+01 2.724999877929687386e+02
1.933593750000003886e-04 2.374389190673828125e+02 2.282595825195312500e+02 1.454757452011108398e+00 4.750875854492187500e+01 2.725001708984374886e+02
4.499978906249999966e+01 2.365357513427734375e+02 2.290995788574218750e+02 9.120553135871887207e-01 4.757615661621093750e+01 2.724999755859374773e+02
9.000008789062499659e+01 2.364389953613281250e+02 2.304246673583984375e+02 5.678014159202575684e-01 7.189984130859375000e+01 2.724999145507812273e+02
1.349991210937499773e+02 2.373117218017578125e+02 2.313094482421875000e+02 9.088984131813049316e-01 9.392476654052734375e+01 2.725000000000000000e+02
1.800005273437499795e+02 2.384862976074218750e+02 2.313826599121093750e+02 1.426915168762207031e+00 9.389333343505859375e+01 2.725000488281249886e+02
2.250000175781249823e+02 2.394732360839843750e+02 2.306001586914062500e+02 1.864052414894104004e+00 8.447373962402343750e+01 2.724999877929687386e+02
2.700001054687500073e+02 2.394985809326171875e+02 2.293217926025390625e+02 1.995262145996093750e+00 7.102763366699218750e+01 2.725000122070312614e+02
3.149996308593749745e+02 2.385895538330078125e+02 2.283855133056640625e+02 1.818334937095642090e+00 5.747271347045898438e+01 2.724999267578124886e+02
-2.636718749999995837e-04 2.374422149658203125e+02 2.282663726806640625e+02 1.453802585601806641e+00 4.760702896118164062e+01 2.724999633789062727e+02
4.499966601562499591e+01 2.365217285156250000e+02 2.291151733398437500e+02 9.028047323226928711e-01 4.761397933959960938e+01 2.725000122070312614e+02
9.000003515624999295e+01 2.364400024414062500e+02 2.304188842773437500e+02 5.690450072288513184e-01 7.176564025878906250e+01 2.724999755859374773e+02
1.349994023437499777e+02 2.373059692382812500e+02 2.313068542480468750e+02 9.062817692756652832e-01 9.388189697265625000e+01 2.725000366210937273e+02
1.800003164062499650e+02 2.384878692626953125e+02 2.313857421875000000e+02 1.427687406539916992e+00 9.393441009521484375e+01 2.724999755859374773e+02
2.250001406249999718e+02 2.394677124023437500e+02 2.306225280761718750e+02 1.860718727111816406e+00 8.471527862548828125e+01 2.725000732421875114e+02
2.699999824218750177e+02 2.394996948242187500e+02 2.293260803222656250e+02 1.995107293128967285e+00 7.107398223876953125e+01 2.725000000000000000e+02
3.149998593749999714e+02 2.385928039550781250e+02 2.283843383789062500e+02 1.819794774055480957e+00 5.748147201538085938e+01 2.724999633789062727e+02
0.000000000000000000e+00 2.374368438720703125e+02 2.282655334472656250e+02 1.452325701713562012e+00 4.754906463623046875e+01 2.725000366210937273e+02
4.500014062500000023e+01 2.365341186523437500e+02 2.290961151123046875e+02 9.125649929046630859e-01 4.750593948364257812e+01 2.725000122070312614e+02
8.999985937499999977e+01 2.364426422119140625e+02 2.304204101562500000e+02 5.699480175971984863e-01 7.182487487792968750e+01 2.724999511718750114e+02
1.350003691406249686e+02 2.373041381835937500e+02 2.313145141601562500e+02 9.056918621063232422e-01 9.403186035156250000e+01 2.725000854492187727e+02
1.800003691406249686e+02 2.384836425781250000e+02 2.313625640869140625e+02 1.425218105316162109e+00 9.361850738525390625e+01 2.724999267578124886e+02
2.249998066406249677e+02 2.394696807861328125e+02 2.305962066650390625e+02 1.862694382667541504e+00 8.442602539062500000e+01 2.725000122070312614e+02
2.700000527343750036e+02 2.395035095214843750e+02 2.293225555419921875e+02 1.997161746025085449e+00 7.105221557617187500e+01 2.725001586914062273e+02
3.149996835937499782e+02 2.385904846191406250e+02 2.283871154785156250e+02 1.818298220634460449e+00 5.749371719360351562e+01 2.725000366210937273e+02
