3.515624999999994449e-04 2.413391876220703125e+02 1.290600585937500000e+02 3.509623718261718750e+01 4.211428642272949219e+00 2.400000732421875114e+02
8.999973632812499602e+01 1.372019805908203125e+02 2.265269927978515625e+02 3.369640731811523438e+01 2.728640136718750000e+02 2.399999511718750114e+02
1.799995253906249673e+02 2.347211608886718750e+02 3.308482971191406250e+02 3.438881683349609375e+01 1.799892425537109375e+02 2.399999267578124886e+02
2.699997187499999995e+02 3.390155944824218750e+02 2.329185180664062500e+02 3.574396514892578125e+01 9.123361968994140625e+01 2.400001098632812386e+02
8.789062499999986122e-05 2.394126892089843750e+02 1.785370788574218750e+02 1.973478317260742188e+01 5.794201850891113281e+00 2.549999755859375057e+02
9.000028125000000045e+01 1.867285156250000000e+02 2.284925689697265625e+02 1.796565246582031250e+01 2.733143615722656250e+02 2.549999877929687386e+02
1.800000703124999859e+02 2.367355651855468750e+02 2.814715270996093750e+02 1.890565299987792969e+01 1.774895629882812500e+02 2.549995605468749886e+02
2.699996660156249959e+02 2.892709045410156250e+02 2.311212921142578125e+02 2.045011329650878906e+01 9.025159454345703125e+01 2.549999511718750114e+02
2.636718749999995837e-04 2.377086791992187500e+02 2.214010314941406250e+02 4.030533790588378906e+00 1.936648368835449219e+01 2.699999755859374773e+02
9.000021093750000034e+01 2.295538330078125000e+02 2.300939636230468750e+02 1.755322098731994629e+00 2.822229309082031250e+02 2.700001220703125000e+02
1.800000351562499645e+02 2.382583007812500000e+02 2.382496643066406250e+02 3.135259389877319336e+00 1.514732360839843750e+02 2.700000000000000000e+02
2.700002636718750182e+02 2.463189086914062500e+02 2.296097259521484375e+02 4.761017799377441406e+00 8.306791687011718750e+01 2.699999877929687386e+02
-1.054687500000005274e-04 2.360595092773437500e+02 2.632881469726562500e+02 1.246538829803466797e+01 1.771583862304687500e+02 2.850000732421875114e+02
9.000000000000000000e+01 2.714388732910156250e+02 2.317808990478515625e+02 1.422985553741455078e+01 9.127106475830078125e+01 2.849999389648437500e+02
1.799998945312499643e+02 2.399091186523437500e+02 1.964180908203125000e+02 1.352728176116943359e+01 9.395907402038574219e+00 2.849999755859374773e+02
2.700000000000000000e+02 2.045549621582031250e+02 2.279679412841796875e+02 1.163951301574707031e+01 2.761935119628906250e+02 2.849999267578124886e+02
