8.789062499999986122e-05 2.484601000000000113e+02 2.348481999999999914e+02 nan nan 1.220703126136868377e-05 3.418860999999999990e+02
8.999996484374999284e+01 2.482125000000000057e+02 2.362429999999999950e+02 nan nan 0.000000000000000000e+00 3.426662999999999784e+02
1.800001406250000002e+02 2.496030000000000086e+02 2.365305999999999926e+02 nan nan 4.882812498863131623e-05 3.438725999999999772e+02
2.699999296874999573e+02 2.499002000000000123e+02 2.351262000000000114e+02 nan nan 2.441406252273736754e-05 3.431245000000000118e+02
5.800781250000011657e-04 2.482600999999999942e+02 2.508567999999999927e+02 nan nan 6.000000000000000000e+00 3.529336999999999875e+02
8.999978906249999966e+01 2.641727000000000203e+02 2.365134999999999934e+02 nan nan 5.999987792968738631e+00 3.545783999999999878e+02
1.800000527343749752e+02 2.497888000000000090e+02 2.205439000000000078e+02 nan nan 5.999938964843750000e+00 3.332176999999999794e+02
2.700001757812499363e+02 2.338481999999999914e+02 2.349402000000000044e+02 nan nan 6.000000000000000000e+00 3.314843999999999937e+02
2.109375000000010547e-04 2.480366999999999962e+02 2.671245000000000118e+02 nan nan 1.199996337890627274e+01 3.645239000000000260e+02
8.999978906249999966e+01 2.804852999999999952e+02 2.367161000000000115e+02 nan nan 1.200001220703126137e+01 3.670239000000000260e+02
1.800001406250000002e+02 2.500274000000000001e+02 2.042335999999999956e+02 nan nan 1.199998779296873863e+01 3.228390999999999735e+02
2.699998945312499359e+02 2.176086999999999989e+02 2.347128999999999905e+02 nan nan 1.199998779296873863e+01 3.200683000000000220e+02
-1.230468750000011935e-04 2.477913000000000068e+02 2.840063000000000102e+02 nan nan 1.800001220703126137e+01 3.769085999999999785e+02
8.999992968749999989e+01 2.972875000000000227e+02 2.370217000000000098e+02 nan nan 1.800001220703126137e+01 3.802092999999999847e+02
1.800014238281249845e+02 2.503245000000000005e+02 1.873141999999999996e+02 nan nan 1.799996337890627274e+01 3.126483000000000061e+02
2.699999824218749609e+02 2.006374999999999886e+02 2.344832000000000107e+02 nan nan 1.800000000000000000e+01 3.086062000000000012e+02
2.636718749999995837e-04 2.475031999999999925e+02 3.018267000000000166e+02 nan nan 2.399993896484375000e+01 3.903296000000000276e+02
9.000022851562499682e+01 3.151200999999999794e+02 2.373092000000000041e+02 nan nan 2.399998779296873863e+01 3.944823999999999842e+02
1.799998066406249961e+02 2.505801999999999907e+02 1.694638999999999953e+02 nan nan 2.399997558593747726e+01 3.025036000000000058e+02
2.700000878906249682e+02 1.829816999999999894e+02 2.342119000000000142e+02 nan nan 2.399997558593747726e+01 2.972162999999999897e+02
-1.582031249999990563e-04 2.472090000000000032e+02 3.209275999999999840e+02 nan nan 2.999998779296873863e+01 4.051009999999999991e+02
9.000066796874999397e+01 3.343731000000000222e+02 2.375389999999999873e+02 nan nan 3.000000000000000000e+01 4.101587000000000103e+02
1.800004746093749759e+02 2.508377000000000123e+02 1.501855999999999938e+02 nan nan 2.999997558593747726e+01 2.923614999999999782e+02
2.700001054687499504e+02 1.636740000000000066e+02 2.339471000000000060e+02 nan nan 3.000000000000000000e+01 2.855178000000000225e+02
4.921875000000013045e-04 2.469009000000000071e+02 3.421829999999999927e+02 nan nan 3.599998779296873863e+01 4.219587999999999965e+02
9.000010546874999307e+01 3.556567999999999756e+02 2.379173999999999864e+02 nan nan 3.599996337890627274e+01 4.278976999999999862e+02
1.799995781249999993e+02 2.511494999999999891e+02 1.289749999999999943e+02 nan nan 3.599998779296873863e+01 2.823306999999999789e+02
2.699997714843749463e+02 1.425217000000000098e+02 2.336047000000000082e+02 nan nan 3.599998779296873863e+01 2.736487000000000194e+02
3.691406250000001110e-04 2.465843999999999880e+02 3.661895000000000095e+02 nan nan 4.199997558593753411e+01 4.414732000000000198e+02
9.000075585937499056e+01 3.796947999999999865e+02 2.383238000000000056e+02 nan nan 4.199996337890627274e+01 4.482927000000000248e+02
1.799995781249999993e+02 2.516019000000000005e+02 1.047852000000000032e+02 nan nan 4.200000000000000000e+01 2.725498999999999796e+02
2.699998417968749322e+02 1.184573000000000036e+02 2.332561000000000035e+02 nan nan 4.200001220703126137e+01 2.616114000000000033e+02
-3.515625000000133227e-05 2.460201999999999884e+02 3.943211000000000013e+02 nan nan 4.800000000000000000e+01 4.647742000000000075e+02
9.000024609374999329e+01 4.078824000000000183e+02 2.387367999999999881e+02 nan nan 4.799997558593753411e+01 4.726132999999999811e+02
1.799997363281249818e+02 2.520276000000000067e+02 7.657309999999999661e+01 nan nan 4.799997558593753411e+01 2.634033999999999764e+02
2.700003691406249686e+02 9.033729999999999905e+01 2.327462999999999909e+02 nan nan 4.799996337890627274e+01 2.496630999999999858e+02
-5.273437499999852895e-05 2.456031999999999869e+02 4.283414000000000215e+02 nan nan 5.399998779296873863e+01 4.937583000000000197e+02
9.000001757812499648e+01 4.419535999999999945e+02 2.392305000000000064e+02 nan nan 5.399998779296873863e+01 5.025477000000000203e+02
1.800002285156249968e+02 2.526528999999999883e+02 4.231309999999999860e+01 nan nan 5.400000000000000000e+01 2.561716000000000122e+02
2.699998769531249536e+02 5.630010000000000048e+01 2.323277999999999963e+02 nan nan 5.399996337890627274e+01 2.390520999999999958e+02
