0.000000000000000000e+00 2.437253000000000043e+02 2.385720000000000027e+02 nan nan 3.662109372726263246e-05 3.410552000000000135e+02
9.000029882812499693e+01 2.433797000000000139e+02 2.398884999999999934e+02 nan nan 4.882812498863131623e-05 3.417311000000000263e+02
1.799995957031249816e+02 2.448168000000000006e+02 2.401741000000000099e+02 nan nan 1.220703126136868377e-05 3.429560999999999922e+02
2.699997890624999286e+02 2.450555999999999983e+02 2.388212000000000046e+02 nan nan 6.103515625000000000e-05 3.421809999999999832e+02
-1.757812499999997224e-04 2.435295000000000130e+02 2.541485999999999876e+02 nan nan 5.999938964843750000e+00 3.519916999999999803e+02
8.999980664062499613e+01 2.589938000000000216e+02 2.399910999999999888e+02 nan nan 5.999987792968738631e+00 3.530914000000000215e+02
1.800004042968749900e+02 2.449482000000000141e+02 2.245138000000000034e+02 nan nan 5.999963378906272737e+00 3.322740999999999758e+02
2.699999296874999573e+02 2.294902999999999906e+02 2.384261999999999944e+02 nan nan 5.999987792968738631e+00 3.309273000000000025e+02
8.789062499999986122e-05 2.431870999999999867e+02 2.699152000000000271e+02 nan nan 1.199998779296873863e+01 3.633100000000000023e+02
9.000019335937498965e+01 2.747407999999999788e+02 2.402638000000000034e+02 nan nan 1.199997558593747726e+01 3.649784000000000219e+02
1.800001406250000002e+02 2.452324000000000126e+02 2.086427999999999940e+02 nan nan 1.200001220703126137e+01 3.219793999999999983e+02
2.700000878906249682e+02 2.136582999999999970e+02 2.382972000000000037e+02 nan nan 1.199997558593747726e+01 3.200552999999999884e+02
5.273437499999852895e-05 2.427778000000000134e+02 2.863213000000000079e+02 nan nan 1.799998779296873863e+01 3.753944000000000187e+02
9.000045703124999363e+01 2.911990999999999872e+02 2.405155000000000030e+02 nan nan 1.800000000000000000e+01 3.776831999999999994e+02
1.800006855468749905e+02 2.454590000000000032e+02 1.922073000000000036e+02 nan nan 1.799998779296873863e+01 3.117590999999999894e+02
2.699999296874999573e+02 1.972365000000000066e+02 2.380488000000000000e+02 nan nan 1.799996337890627274e+01 3.091431000000000040e+02
2.636718749999995837e-04 2.427286000000000001e+02 3.036288000000000125e+02 nan nan 2.399995117187501137e+01 3.887255999999999858e+02
9.000010546874999307e+01 3.085403000000000020e+02 2.408115999999999985e+02 nan nan 2.399996337890627274e+01 3.913915000000000077e+02
1.799998769531249820e+02 2.456743999999999915e+02 1.749287999999999954e+02 nan nan 2.400001220703126137e+01 3.015890999999999735e+02
2.699997539062499641e+02 1.799282000000000039e+02 2.377942999999999927e+02 nan nan 2.399997558593747726e+01 2.981949999999999932e+02
-1.054687500000005274e-04 2.422036999999999978e+02 3.223138999999999896e+02 nan nan 2.999998779296873863e+01 4.031734999999999900e+02
9.000038671874999352e+01 3.271759999999999877e+02 2.410543999999999869e+02 nan nan 2.999997558593747726e+01 4.063881999999999834e+02
1.800003515624999864e+02 2.459883000000000095e+02 1.563086000000000126e+02 nan nan 2.999998779296873863e+01 2.914492000000000189e+02
2.700003691406249686e+02 1.612495000000000118e+02 2.375837999999999965e+02 nan nan 2.999997558593747726e+01 2.871367000000000189e+02
2.285156249999982514e-04 2.421681000000000097e+02 3.427977999999999952e+02 nan nan 3.599998779296873863e+01 4.197090999999999781e+02
9.000059765624999386e+01 3.477620999999999754e+02 2.410988999999999862e+02 nan nan 3.599998779296873863e+01 4.231632999999999925e+02
1.800005097656249973e+02 2.463257999999999868e+02 1.357723000000000013e+02 nan nan 3.599998779296873863e+01 2.812658999999999878e+02
2.699997539062499641e+02 1.407163999999999930e+02 2.375141999999999882e+02 nan nan 3.599997558593747726e+01 2.760690000000000168e+02
-1.582031249999990563e-04 2.417598000000000127e+02 3.661166000000000054e+02 nan nan 4.199996337890627274e+01 4.387359000000000151e+02
8.999980664062499613e+01 3.710640999999999963e+02 2.418640000000000043e+02 nan nan 4.199997558593753411e+01 4.429297000000000253e+02
1.799998945312499927e+02 2.465637999999999863e+02 1.124518000000000058e+02 nan nan 4.200000000000000000e+01 2.709965000000000259e+02
2.699999472656249395e+02 1.178855999999999966e+02 2.368797000000000139e+02 nan nan 4.200001220703126137e+01 2.645921999999999912e+02
-7.031249999999919509e-05 2.412918999999999983e+02 3.934635999999999854e+02 nan nan 4.800000000000000000e+01 4.615575999999999794e+02
8.999987695312499625e+01 3.983818999999999733e+02 2.423333000000000084e+02 nan nan 4.799998779296873863e+01 4.662977000000000203e+02
1.799994023437499777e+02 2.471708999999999889e+02 8.535060000000000002e+01 nan nan 4.799997558593753411e+01 2.614922000000000253e+02
2.699998769531249536e+02 9.040689999999999316e+01 2.365280999999999949e+02 nan nan 4.800000000000000000e+01 2.532171999999999912e+02
-4.218749999999986400e-04 2.405439000000000078e+02 4.264041000000000281e+02 nan nan 5.400000000000000000e+01 4.895731000000000108e+02
8.999936718749999898e+01 4.316585000000000036e+02 2.427050999999999874e+02 nan nan 5.400000000000000000e+01 4.952119000000000142e+02
1.799992441406249952e+02 2.477911000000000001e+02 5.227960000000000207e+01 nan nan 5.399997558593753411e+01 2.532461000000000126e+02
2.699998417968749322e+02 5.744480000000000075e+01 2.360000000000000000e+02 nan nan 5.399998779296873863e+01 2.428907000000000096e+02
