-7.031250000000006245e-05 2.374180000000000064e+02 2.284170000000000016e+02 1.401642203330993652e+00 4.892543029785156250e+01 2.234980926513671875e+02 3.294569999999999936e+02
4.499947265624999204e+01 2.366129999999999995e+02 2.292150000000000034e+02 9.040381908416748047e-01 5.023387908935546875e+01 2.234981414794922330e+02 3.294320000000000164e+02
8.999971874999998533e+01 2.365759999999999934e+02 2.304300000000000068e+02 6.254391670227050781e-01 7.309552001953125000e+01 2.234981170654297102e+02 3.302520000000000095e+02
1.350003867187500077e+02 2.374019999999999868e+02 2.312390000000000043e+02 9.471208453178405762e-01 9.250173187255859375e+01 2.234980682373047216e+02 3.314080000000000155e+02
1.799997890624999854e+02 2.385099999999999909e+02 2.312359999999999900e+02 1.434553623199462891e+00 9.186598205566406250e+01 2.234980926513671875e+02 3.321999999999999886e+02
2.249994199218749884e+02 2.393580000000000041e+02 2.304610000000000127e+02 1.821379542350769043e+00 8.276743316650390625e+01 2.234980926513671875e+02 3.322719999999999914e+02
2.700000000000000000e+02 2.393340000000000032e+02 2.293129999999999882e+02 1.929747343063354492e+00 7.035151672363281250e+01 2.234981292724609716e+02 3.314590000000000032e+02
3.150001582031250109e+02 2.384710000000000036e+02 2.284730000000000132e+02 1.754836678504943848e+00 5.758108139038085938e+01 2.234980804443359830e+02 3.302549999999999955e+02
-1.757812500000005898e-04 2.374120000000000061e+02 2.284269999999999925e+02 1.397009849548339844e+00 4.897985076904296875e+01 2.234980682373047216e+02 3.294590000000000032e+02
4.499991210937499631e+01 2.366129999999999995e+02 2.292199999999999989e+02 9.024272561073303223e-01 5.029937362670898438e+01 2.234980804443359830e+02 3.294350000000000023e+02
9.000049218749998658e+01 2.365800000000000125e+02 2.304310000000000116e+02 6.267906427383422852e-01 7.314037322998046875e+01 2.234980438232421989e+02 3.302549999999999955e+02
1.350002109375000146e+02 2.374039999999999964e+02 2.312340000000000089e+02 9.480230808258056641e-01 9.240904235839843750e+01 2.234981292724609716e+02 3.314060000000000059e+02
1.800005449218749902e+02 2.385109999999999957e+02 2.312280000000000086e+02 1.434859037399291992e+00 9.174862670898437500e+01 2.234980804443359830e+02 3.321960000000000264e+02
2.249993671874999848e+02 2.393600000000000136e+02 2.304699999999999989e+02 1.821845054626464844e+00 8.287729644775390625e+01 2.234981292724609716e+02 3.322789999999999964e+02
2.699999824218750177e+02 2.393280000000000030e+02 2.293139999999999930e+02 1.927035689353942871e+00 7.033730316162109375e+01 2.234981292724609716e+02 3.314560000000000173e+02
3.149999472656249964e+02 2.384730000000000132e+02 2.284689999999999941e+02 1.756118297576904297e+00 5.755768585205078125e+01 2.234980682373047216e+02 3.302540000000000191e+02
