3.339843749999987788e-04 2.375937000000000126e+02 2.416416999999999859e+02 nan nan 4.882812498863131623e-05 3.388826999999999998e+02
8.999963085937498875e+01 2.373100000000000023e+02 2.429736000000000047e+02 nan nan 1.220703126136868377e-05 3.396354000000000042e+02
1.799995429687499779e+02 2.387549999999999955e+02 2.432207999999999970e+02 nan nan 3.662109372726263246e-05 3.408229999999999791e+02
2.699997539062499641e+02 2.390290999999999997e+02 2.418880000000000052e+02 nan nan 0.000000000000000000e+00 3.400658000000000243e+02
1.406249999999983902e-04 2.373454000000000121e+02 2.574846000000000004e+02 nan nan 6.000036621093727263e+00 3.501872999999999934e+02
8.999959570312499579e+01 2.532118000000000109e+02 2.431083000000000141e+02 nan nan 5.999963378906272737e+00 3.510240000000000009e+02
1.800002109374999861e+02 2.388329999999999984e+02 2.272382000000000062e+02 nan nan 5.999963378906272737e+00 3.296641000000000190e+02
2.699995078124999281e+02 2.229517999999999915e+02 2.415988999999999862e+02 nan nan 6.000000000000000000e+00 3.287515000000000214e+02
-1.757812499999997224e-04 2.371560000000000059e+02 2.736797000000000253e+02 nan nan 1.200001220703126137e+01 3.621374999999999886e+02
8.999973632812499602e+01 2.694186000000000263e+02 2.432821999999999889e+02 nan nan 1.200001220703126137e+01 3.630049999999999955e+02
1.800005625000000009e+02 2.390647999999999911e+02 2.109390999999999963e+02 nan nan 1.199998779296873863e+01 3.188217000000000212e+02
2.699999121093749750e+02 2.067520000000000095e+02 2.413813000000000102e+02 nan nan 1.200000000000000000e+01 3.178227999999999724e+02
-5.273437499999852895e-05 2.369173000000000116e+02 2.905514999999999759e+02 nan nan 1.800002441406252274e+01 3.748999999999999773e+02
8.999992968749999989e+01 2.862792000000000030e+02 2.434839000000000055e+02 nan nan 1.800001220703126137e+01 3.758193999999999733e+02
1.799993671874999848e+02 2.393034000000000106e+02 1.941935000000000002e+02 nan nan 1.799996337890627274e+01 3.081838000000000193e+02
2.699996308593749745e+02 1.898192999999999984e+02 2.411332999999999913e+02 nan nan 1.799998779296873863e+01 3.068820999999999799e+02
0.000000000000000000e+00 2.367130999999999972e+02 3.082918999999999983e+02 nan nan 2.400002441406252274e+01 3.886861999999999853e+02
9.000042187500000068e+01 3.040113999999999805e+02 2.437249999999999943e+02 nan nan 2.399997558593747726e+01 3.896469999999999914e+02
1.800000351562499930e+02 2.395224000000000046e+02 1.764714999999999918e+02 nan nan 2.399998779296873863e+01 2.975115999999999872e+02
2.700000351562499645e+02 1.722394999999999925e+02 2.409064999999999941e+02 nan nan 2.399993896484375000e+01 2.961458999999999833e+02
3.164062500000015821e-04 2.365015999999999963e+02 3.274726999999999748e+02 nan nan 2.999998779296873863e+01 4.039447999999999865e+02
8.999980664062499613e+01 3.232069000000000187e+02 2.440105000000000075e+02 nan nan 2.999998779296873863e+01 4.049739000000000146e+02
1.800004921874999866e+02 2.397410999999999888e+02 1.574196000000000026e+02 nan nan 2.999998779296873863e+01 2.868043000000000120e+02
2.700004570312499368e+02 1.532350999999999885e+02 2.407018999999999949e+02 nan nan 3.000000000000000000e+01 2.853390999999999735e+02
1.230468750000011935e-04 2.361822999999999979e+02 3.485586999999999875e+02 nan nan 3.599998779296873863e+01 4.210407000000000153e+02
9.000007031250000011e+01 3.442126999999999839e+02 2.443409000000000049e+02 nan nan 3.599997558593747726e+01 4.221195000000000164e+02
1.799993144531249811e+02 2.400091999999999928e+02 1.364789000000000101e+02 nan nan 3.599997558593747726e+01 2.760994000000000028e+02
2.700000703124999291e+02 1.321706000000000074e+02 2.403811000000000035e+02 nan nan 3.599998779296873863e+01 2.743211999999999762e+02
7.031249999999919509e-05 2.358503000000000043e+02 3.725362999999999829e+02 nan nan 4.200002441406252274e+01 4.409180000000000064e+02
9.000035156250000057e+01 3.681469000000000165e+02 2.445516000000000076e+02 nan nan 4.199992675781248863e+01 4.419701999999999771e+02
1.800004218750000007e+02 2.403916000000000111e+02 1.126504000000000048e+02 nan nan 4.199998779296873863e+01 2.654773999999999887e+02
2.699995605468749318e+02 1.083633999999999986e+02 2.401632999999999925e+02 nan nan 4.199997558593753411e+01 2.634787000000000035e+02
-4.394531249999993061e-04 2.356055000000000064e+02 4.005785999999999945e+02 nan nan 4.799997558593753411e+01 4.647291000000000167e+02
9.000014062500000023e+01 3.960806999999999789e+02 2.451218000000000075e+02 nan nan 4.799997558593753411e+01 4.657946000000000026e+02
1.800003339843749757e+02 2.407498999999999967e+02 8.487550000000000239e+01 nan nan 4.799996337890627274e+01 2.552730999999999995e+02
2.699997890624999286e+02 8.068630000000000280e+01 2.396219000000000108e+02 nan nan 4.800001220703126137e+01 2.528417000000000030e+02
-1.406249999999983902e-04 2.352439999999999998e+02 4.348256000000000085e+02 nan nan 5.400000000000000000e+01 4.943815000000000168e+02
8.999971874999999955e+01 4.298793999999999755e+02 2.456816000000000031e+02 nan nan 5.400000000000000000e+01 4.951320999999999799e+02
1.799998417968749891e+02 2.412593999999999994e+02 5.097990000000000066e+01 nan nan 5.399998779296873863e+01 2.465868000000000109e+02
2.700001406249999718e+02 4.676850000000000307e+01 2.391494000000000142e+02 nan nan 5.399997558593753411e+01 2.436795999999999935e+02
