-1.757812500000066613e-05 2.393292999999999893e+02 2.265711000000000013e+02 nan nan 1.220703126136868377e-05 3.295647999999999911e+02
9.000038671874999352e+01 2.390373999999999910e+02 2.279721999999999866e+02 nan nan 2.441406252273736754e-05 3.303183000000000220e+02
1.799997714843749748e+02 2.404281000000000006e+02 2.282556999999999903e+02 nan nan 1.220703126136868377e-05 3.315212000000000216e+02
2.699999999999999432e+02 2.406904999999999859e+02 2.268597000000000037e+02 nan nan 1.220703126136868377e-05 3.307524999999999977e+02
3.515624999999994449e-04 2.389972999999999956e+02 2.425206000000000017e+02 nan nan 6.000012207031261369e+00 3.404936999999999898e+02
9.000073828124999409e+01 2.549789000000000101e+02 2.281778999999999940e+02 nan nan 5.999938964843750000e+00 3.421687000000000012e+02
1.800007382812499941e+02 2.405421000000000049e+02 2.122887000000000057e+02 nan nan 5.999963378906272737e+00 3.208224000000000160e+02
2.699999121093749750e+02 2.245283000000000015e+02 2.266057999999999879e+02 nan nan 5.999951171875011369e+00 3.190033999999999992e+02
2.460937499999989175e-04 2.387262000000000057e+02 2.587878000000000043e+02 nan nan 1.200000000000000000e+01 3.520813999999999737e+02
9.000024609374999329e+01 2.712146999999999935e+02 2.284285999999999888e+02 nan nan 1.199998779296873863e+01 3.545942000000000007e+02
1.799998769531249820e+02 2.407540999999999940e+02 1.960012999999999863e+02 nan nan 1.199997558593747726e+01 3.104497000000000071e+02
2.700003867187499509e+02 2.083192999999999984e+02 2.264047999999999945e+02 nan nan 1.200000000000000000e+01 3.076623000000000161e+02
3.515625000000133227e-05 2.384630999999999972e+02 2.756259999999999764e+02 nan nan 1.800001220703126137e+01 3.644644999999999868e+02
9.000007031250000011e+01 2.880145999999999731e+02 2.286577000000000055e+02 nan nan 1.800000000000000000e+01 3.677454999999999927e+02
1.799996308593749745e+02 2.409807999999999879e+02 1.791648999999999887e+02 nan nan 1.800001220703126137e+01 3.002862000000000080e+02
2.699999999999999432e+02 1.914744000000000028e+02 2.259501999999999953e+02 nan nan 1.799998779296873863e+01 2.961687999999999761e+02
-2.636718749999995837e-04 2.383180000000000121e+02 2.934288000000000238e+02 nan nan 2.400000000000000000e+01 3.780158000000000129e+02
9.000022851562499682e+01 3.058206000000000131e+02 2.289903999999999940e+02 nan nan 2.399998779296873863e+01 3.820507999999999811e+02
1.799993671874999848e+02 2.413397999999999968e+02 1.612447999999999979e+02 nan nan 2.400000000000000000e+01 2.902495000000000118e+02
2.699999472656249395e+02 1.737161999999999864e+02 2.258625999999999863e+02 nan nan 2.399996337890627274e+01 2.849408000000000243e+02
4.042968750000014433e-04 2.379334000000000060e+02 3.125923000000000229e+02 nan nan 2.999998779296873863e+01 3.928437999999999874e+02
9.000012304687498954e+01 3.252062000000000239e+02 2.292287000000000035e+02 nan nan 3.000000000000000000e+01 3.978754000000000133e+02
1.799995429687499779e+02 2.415478999999999985e+02 1.422162999999999897e+02 nan nan 2.999997558593747726e+01 2.803048999999999751e+02
2.699998769531249536e+02 1.545531000000000006e+02 2.256303000000000054e+02 nan nan 3.000000000000000000e+01 2.734879999999999995e+02
-2.636718749999995837e-04 2.376819000000000131e+02 3.337167000000000030e+02 nan nan 3.600000000000000000e+01 4.097065999999999804e+02
8.999952539062499568e+01 3.461064999999999827e+02 2.295774000000000115e+02 nan nan 3.600001220703126137e+01 4.153258000000000152e+02
1.799995078124999850e+02 2.418511000000000024e+02 1.210828000000000060e+02 nan nan 3.599998779296873863e+01 2.704680999999999926e+02
2.700002285156249400e+02 1.334778000000000020e+02 2.253008000000000095e+02 nan nan 3.599997558593747726e+01 2.618716999999999757e+02
-3.515625000000133227e-05 2.373590000000000089e+02 3.576426000000000158e+02 nan nan 4.199995117187501137e+01 4.292405999999999722e+02
9.000061523437499034e+01 3.700661000000000058e+02 2.299576999999999884e+02 nan nan 4.199996337890627274e+01 4.356942000000000235e+02
1.799995429687499779e+02 2.423085000000000093e+02 9.706440000000000623e+01 nan nan 4.199997558593753411e+01 2.610265999999999735e+02
2.700002109374999577e+02 1.095635000000000048e+02 2.249468999999999994e+02 nan nan 4.199997558593753411e+01 2.502103999999999928e+02
-8.789062499999986122e-05 2.369036000000000115e+02 3.856506999999999721e+02 nan nan 4.800000000000000000e+01 4.526032999999999902e+02
9.000010546874999307e+01 3.980258999999999787e+02 2.303181999999999903e+02 nan nan 4.800001220703126137e+01 4.598598999999999819e+02
1.800000175781249823e+02 2.426237000000000137e+02 6.913660000000000139e+01 nan nan 4.799998779296873863e+01 2.522818000000000040e+02
2.700004746093749759e+02 8.141379999999999484e+01 2.244502999999999986e+02 nan nan 4.800001220703126137e+01 2.387596000000000060e+02
5.273437499999991673e-04 2.364579999999999984e+02 4.198657999999999788e+02 nan nan 5.399997558593753411e+01 4.818709999999999809e+02
9.000026367187498977e+01 4.323251000000000204e+02 2.310620000000000118e+02 nan nan 5.399998779296873863e+01 4.901985999999999990e+02
1.799999121093749750e+02 2.433649000000000058e+02 3.469859999999999900e+01 nan nan 5.399998779296873863e+01 2.458260999999999967e+02
2.699996132812499354e+02 4.757930000000000348e+01 2.240000000000000000e+02 nan nan 5.399998779296873863e+01 2.289973999999999990e+02
