-1.406249999999983902e-04 2.419217999999999904e+02 2.418754999999999882e+02 nan nan 3.662109372726263246e-05 3.420964000000000169e+02
9.000045703124999363e+01 2.416483000000000061e+02 2.433021999999999991e+02 nan nan 1.220703126136868377e-05 3.429137999999999806e+02
1.800000175781249823e+02 2.430817999999999870e+02 2.436024999999999920e+02 nan nan 1.220703126136868377e-05 3.441379999999999768e+02
2.699998066406249677e+02 2.433440999999999974e+02 2.421546999999999912e+02 nan nan 2.441406252273736754e-05 3.433004999999999995e+02
-7.031249999999919509e-05 2.418072999999999979e+02 2.582739000000000260e+02 nan nan 6.000012207031261369e+00 3.538025000000000091e+02
8.999982421874999261e+01 2.579189000000000078e+02 2.435252999999999872e+02 nan nan 6.000012207031261369e+00 3.547205999999999904e+02
1.799997714843749748e+02 2.431987000000000023e+02 2.272814999999999941e+02 nan nan 6.000012207031261369e+00 3.328700999999999794e+02
2.699999824218749609e+02 2.270065999999999917e+02 2.421761999999999944e+02 nan nan 5.999951171875011369e+00 3.319356999999999971e+02
-5.273437499999852895e-05 2.416518000000000086e+02 2.748079999999999927e+02 nan nan 1.200000000000000000e+01 3.659440000000000168e+02
8.999966601562499591e+01 2.745110000000000241e+02 2.436322999999999865e+02 nan nan 1.199998779296873863e+01 3.670326999999999771e+02
1.800006503906249975e+02 2.433048000000000002e+02 2.108035000000000139e+02 nan nan 1.199998779296873863e+01 3.219243999999999915e+02
2.700000527343749468e+02 2.104422000000000139e+02 2.419719000000000051e+02 nan nan 1.200000000000000000e+01 3.206809999999999832e+02
-8.789062499999986122e-05 2.415414000000000101e+02 2.920190000000000055e+02 nan nan 1.800000000000000000e+01 3.789687999999999874e+02
9.000031640624999341e+01 2.916413999999999760e+02 2.437712999999999965e+02 nan nan 1.800000000000000000e+01 3.801041000000000167e+02
1.799996660156249959e+02 2.434396999999999878e+02 1.936111999999999966e+02 nan nan 1.799998779296873863e+01 3.110437000000000012e+02
2.700000175781249254e+02 1.932821000000000140e+02 2.418268999999999949e+02 nan nan 1.800000000000000000e+01 3.095774999999999864e+02
-7.031249999999919509e-05 2.414253999999999962e+02 3.101660999999999717e+02 nan nan 2.399997558593747726e+01 3.930511999999999944e+02
8.999994726562499636e+01 3.098147999999999911e+02 2.439194999999999993e+02 nan nan 2.400000000000000000e+01 3.943120000000000118e+02
1.799998066406249961e+02 2.435300000000000011e+02 1.755396000000000072e+02 nan nan 2.399998779296873863e+01 3.002015999999999849e+02
2.700001406249999718e+02 1.751882999999999981e+02 2.416776999999999873e+02 nan nan 2.399995117187501137e+01 2.984945999999999913e+02
2.109375000000010547e-04 2.412759000000000071e+02 3.297499000000000251e+02 nan nan 3.000001220703126137e+01 4.085939999999999941e+02
9.000010546874999307e+01 3.294225999999999885e+02 2.440988999999999862e+02 nan nan 3.000001220703126137e+01 4.100043000000000006e+02
1.800004746093749759e+02 2.436953000000000031e+02 1.560449000000000126e+02 nan nan 3.000001220703126137e+01 2.893741999999999734e+02
2.700002812499999436e+02 1.555724999999999909e+02 2.415278999999999883e+02 nan nan 2.999996337890627274e+01 2.872952000000000226e+02
4.570312499999999722e-04 2.410827999999999918e+02 3.513910000000000196e+02 nan nan 3.600000000000000000e+01 4.261415000000000077e+02
9.000026367187498977e+01 3.509513000000000034e+02 2.442656000000000063e+02 nan nan 3.599997558593747726e+01 4.275892000000000053e+02
1.799997714843749748e+02 2.439031999999999982e+02 1.345774999999999864e+02 nan nan 3.599996337890627274e+01 2.785674999999999955e+02
2.700000175781249254e+02 1.342562000000000069e+02 2.412916999999999916e+02 nan nan 3.600000000000000000e+01 2.761274999999999977e+02
-8.789062499999986122e-05 2.408033000000000072e+02 3.758473000000000184e+02 nan nan 4.200000000000000000e+01 4.463713999999999942e+02
8.999963085937498875e+01 3.754397999999999911e+02 2.444593999999999880e+02 nan nan 4.199996337890627274e+01 4.480128000000000270e+02
1.800001054687499789e+02 2.441548999999999978e+02 1.102177999999999969e+02 nan nan 4.199996337890627274e+01 2.678797999999999888e+02
2.699996308593749745e+02 1.098157000000000068e+02 2.411403999999999996e+02 nan nan 4.199996337890627274e+01 2.649682999999999993e+02
4.218749999999986400e-04 2.406775000000000091e+02 4.046333999999999946e+02 nan nan 4.800000000000000000e+01 4.708013000000000261e+02
9.000072070312499761e+01 4.040070000000000050e+02 2.446987000000000023e+02 nan nan 4.799997558593753411e+01 4.723337000000000216e+02
1.800004218750000007e+02 2.442789999999999964e+02 8.179999999999999716e+01 nan nan 4.800002441406252274e+01 2.576111000000000217e+02
2.699999121093749750e+02 8.130329999999999302e+01 2.409471000000000060e+02 nan nan 4.799997558593753411e+01 2.542946000000000026e+02
1.230468750000011935e-04 2.402673000000000059e+02 4.397656999999999812e+02 nan nan 5.400000000000000000e+01 5.011209999999999809e+02
8.999970117187498886e+01 4.392391000000000076e+02 2.449918000000000120e+02 nan nan 5.399997558593753411e+01 5.029433000000000220e+02
1.800001406250000002e+02 2.446608999999999980e+02 4.723429999999999751e+01 nan nan 5.400000000000000000e+01 2.491786999999999921e+02
2.700000351562499645e+02 4.687700000000000244e+01 2.405697999999999865e+02 nan nan 5.400001220703126137e+01 2.450944000000000074e+02
